Time	V(R3)
0.0001	-0.29103949660937783
0.00020000000000000001	-0.74611637960115762
0.00030000000000000003	-1.1563441511189652
0.00040000000000000002	-1.5260422997279335
0.00050000000000000001	-1.8590407169737531
0.00060000000000000006	-2.158738236960307
0.0007000000000000001	-2.4281541279698011
0.00080000000000000015	-2.6699733888040549
0.00090000000000000019	-2.8865865989650934
0.0010000000000000002	-3.0801249808308064
0.0011000000000000003	-3.2524912520832658
0.0012000000000000003	-3.4053867764672252
0.0013000000000000004	-3.5403354593111334
0.0014000000000000004	-3.6587047800951193
0.0015000000000000005	-3.7617243067856347
0.0016000000000000005	-3.8505019948761374
0.0017000000000000006	-3.9260385373709621
0.0018000000000000006	-3.9892399997095582
0.0019000000000000006	-4.0409289453063799
0.0020000000000000005	-4.0818542325015823
0.0021000000000000003	-4.1126996418608321
0.0022000000000000001	-4.1340914735607655
0.0023	-4.14660523772692
0.0023999999999999998	-4.1507715457708558
0.0024999999999999996	-4.1470812977504723
0.0025999999999999994	-4.1359902493379588
0.0026999999999999993	-4.117923031926197
0.0027999999999999991	-4.0932766905721527
0.0028999999999999989	-4.0624237967130874
0.0029999999999999988	-4.0257151857716087
0.0030999999999999986	-3.9834823637704089
0.0031999999999999984	-3.9360396218096563
0.0032999999999999982	-3.8836858926300941
0.0033999999999999981	-3.8267063794138534
0.0034999999999999979	-3.7653739833986113
0.0035999999999999977	-3.6999505537337831
0.0036999999999999976	-3.6306879802435383
0.0037999999999999974	-3.5578291473281229
0.0038999999999999972	-3.4816087650977074
0.0039999999999999975	-3.4022540919513378
0.0040999999999999977	-3.3199855611590365
0.004199999999999998	-3.2350173225492567
0.0042999999999999983	-3.1475577091228972
0.0043999999999999985	-3.0578096372876442
0.0044999999999999988	-2.9659709484129881
0.0045999999999999991	-2.8722346985328824
0.0046999999999999993	-2.776789402252307
0.0047999999999999996	-2.6798192362358306
0.0048999999999999998	-2.5815042070576228
0.0050000000000000001	-2.4820202876652742
0.0051000000000000004	-2.3815395262443766
0.0052000000000000006	-2.2802301308596045
0.0053000000000000009	-2.1782565328853822
0.0054000000000000012	-2.0757794319189786
0.0055000000000000014	-1.9729558245842533
0.0056000000000000017	-1.8699390193842425
0.0057000000000000019	-1.7668786395377407
0.0058000000000000022	-1.6639206155377413
0.0059000000000000025	-1.5612071689951499
0.0060000000000000027	-1.4588767891746846
0.006100000000000003	-1.3570642034918448
0.0062000000000000033	-1.2559003431165228
0.0063000000000000035	-1.1555123047178331
0.0064000000000000038	-1.0560233092871985
0.006500000000000004	-0.95755265888751251
0.0066000000000000043	-0.86021569209720483
0.0067000000000000046	-0.76412373884721763
0.0068000000000000048	-0.66938407528315291
0.0069000000000000051	-0.57609987922815553
0.0070000000000000053	-0.48437018676882138
0.0071000000000000056	-0.3942898504373934
0.0072000000000000059	-0.30594949942155392
0.0073000000000000061	-0.2194355021916968
0.0074000000000000064	-0.1348299318995963
0.0075000000000000067	-0.052210534867569186
0.0076000000000000069	0.028349297541806269
0.0077000000000000072	0.1067805534175756
0.0078000000000000074	0.18301862091998294
0.0079000000000000077	0.25700330482019562
0.0080000000000000071	0.32867883877654369
0.0081000000000000065	0.39799389318452755
0.0082000000000000059	0.46490157845999208
0.0083000000000000053	0.52935944363261167
0.0084000000000000047	0.59132947014768711
0.0085000000000000041	0.65077806078941502
0.0086000000000000035	0.70767602365773685
0.0087000000000000029	0.76199855114509929
0.0088000000000000023	0.81372519387569187
0.0089000000000000017	0.86283982958382732
0.0090000000000000011	0.90933062692264754
0.0091000000000000004	0.9531900042064172
0.0091999999999999998	0.99441458310457109
0.0092999999999999992	1.0330051373157076
0.0093999999999999986	1.0689665362633705
0.009499999999999998	1.102307683866022
0.0095999999999999974	1.1330414524443821
0.0096999999999999968	1.1611846118406222
0.0097999999999999962	1.1867577538332263
0.0098999999999999956	1.2097852119412109
0.009999999999999995	1.2302949767214808
0.010099999999999994	1.2483186066706147
0.010199999999999994	1.2638911348522539
0.010299999999999993	1.2770509713788381
0.010399999999999993	1.2878398018839607
0.010499999999999992	1.2963024821298632
0.010599999999999991	1.3024869289012377
0.010699999999999991	1.3064440073422934
0.01079999999999999	1.3082274149026631
0.01089999999999999	1.3078935620611294
0.010999999999999989	1.3055014500034754
0.011099999999999988	1.3011125454355159
0.011199999999999988	1.2947906527166388
0.011299999999999987	1.2866017835052357
0.011399999999999987	1.2766140241093824
0.011499999999999986	1.2648974007421676
0.011599999999999985	1.2515237428826576
0.011699999999999985	1.2365665449475098
0.011799999999999984	1.2201008264810029
0.011899999999999984	1.2022029910725245
0.011999999999999983	1.1829506842140554
0.012099999999999982	1.1624226503103483
0.012199999999999982	1.1406985890566113
0.012299999999999981	1.1178590113988818
0.01239999999999998	1.0939850952932406
0.01249999999999998	1.0691585414793114
0.012599999999999979	1.0434614294848976
0.012699999999999979	1.0169760740753733
0.012799999999999978	0.98978488236385509
0.012899999999999977	0.96197021179403008
0.012999999999999977	0.93361422920737325
0.013099999999999976	0.90479877120444052
0.013199999999999976	0.87560520600751413
0.013299999999999975	0.8461142970285972
0.013399999999999974	0.81640606834524276
0.013499999999999974	0.78655967228233259
0.013599999999999973	0.75665325929458238
0.013699999999999973	0.72676385034113322
0.013799999999999972	0.6969672119389333
0.013899999999999971	0.66733773407771479
0.013999999999999971	0.63794831117397555
0.01409999999999997	0.60887022623689557
0.01419999999999997	0.58017303841420254
0.014299999999999969	0.5519244740793996
0.014399999999999968	0.52419032161695356
0.014499999999999968	0.49703433005622777
0.014599999999999967	0.47051811169749036
0.014699999999999967	0.44470104886856143
0.014799999999999966	0.41964020494273702
0.014899999999999965	0.39539023974229121
0.014999999999999965	0.37200332944541631
0.015099999999999964	0.34952909110582281
0.015199999999999964	0.32801451188890773
0.015299999999999963	0.30750388311875609
0.015399999999999962	0.2880387392246635
0.015499999999999962	0.26965780166633552
0.015599999999999961	0.25239692791042573
0.015699999999999961	0.23628906552253703
0.01579999999999996	0.22136421143043963
0.015899999999999959	0.20764937640693126
0.015999999999999959	0.19516855481194931
0.016099999999999958	0.18394269962554152
0.016199999999999957	0.17398970279497786
0.016299999999999957	0.16532438091118054
0.016399999999999956	0.1579584662208102
0.016499999999999956	0.15190060297285241
0.016599999999999955	0.14715634908930292
0.016699999999999954	0.14372818314207975
0.016799999999999954	0.14161551660960403
0.016899999999999953	0.14081471137846022
0.016999999999999953	0.14131910244723614
0.017099999999999952	0.14311902578189067
0.017199999999999951	0.14620185126371085
0.017299999999999951	0.15055202066341802
0.01739999999999995	0.15615109056674106
0.01749999999999995	0.16297778016961537
0.017599999999999949	0.1710080238533829
0.017699999999999948	0.1802150284430597
0.017799999999999948	0.1905693350446257
0.017899999999999947	0.20203888535010553
0.017999999999999947	0.21458909229261344
0.018099999999999946	0.22818291492644338
0.018199999999999945	0.24278093740126336
0.018299999999999945	0.25834145189297097
0.018399999999999944	0.27482054534767919
0.018499999999999944	0.29217218988975763
0.018599999999999943	0.3103483367386794
0.018699999999999942	0.3292990134750855
0.018799999999999942	0.34897242449012528
0.018899999999999941	0.36931505444830476
0.018999999999999941	0.3902717745892415
0.01909999999999994	0.41178595168892118
0.019199999999999939	0.43379955949803889
0.019299999999999939	0.45625329246976676
0.019399999999999938	0.47908668158805057
0.019499999999999938	0.50223821210163966
0.019599999999999937	0.52564544296899729
0.019699999999999936	0.54924512781439616
0.019799999999999936	0.57297333719470944
0.019899999999999935	0.59676558197381635
0.019999999999999934	0.62055693760033659
0.020099999999999934	0.64428216908259572
0.020199999999999933	0.66787585645428693
0.020299999999999933	0.69127252052313493
0.020399999999999932	0.71440674869528109
0.020499999999999931	0.73721332066692702
0.020599999999999931	0.75962733377627278
0.02069999999999993	0.78158432780886911
0.02079999999999993	0.80302040904985761
0.020899999999999929	0.82387237337942232
0.020999999999999928	0.8440778282075333
0.021099999999999928	0.86357531304719815
0.021199999999999927	0.88230441852724328
0.021299999999999927	0.9002059036478004
0.021399999999999926	0.91722181108548706
0.021499999999999925	0.93329558035689475
0.021599999999999925	0.94837215865392266
0.021699999999999924	0.96239810916713542
0.021799999999999924	0.97532171671790624
0.021899999999999923	0.98709309052349714
0.021999999999999922	0.99766426392551832
0.022099999999999922	1.0069892909145233
0.022199999999999921	1.0150243392910168
0.022299999999999921	1.0217277803063678
0.02239999999999992	1.0270602746342312
0.022499999999999919	1.0309848545279867
0.022599999999999919	1.0334670020258243
0.022699999999999918	1.0344747230715654
0.022799999999999918	1.0339786174253411
0.022899999999999917	1.0319519442453451
0.022999999999999916	1.0283706832283157
0.023099999999999916	1.0232135912033085
0.023199999999999915	1.0164622540807542
0.023299999999999915	1.0081011340661148
0.023399999999999914	0.99811761205419713
0.023499999999999913	0.98650202512894192
0.023599999999999913	0.97324769910002218
0.023699999999999912	0.95835097601596708
0.023799999999999912	0.94181123660176247
0.023899999999999911	0.92363091757566484
0.02399999999999991	0.90381552380940944
0.02409999999999991	0.8823736353034225
0.024199999999999909	0.85931690895662971
0.024299999999999908	0.83466007511880669
0.024399999999999908	0.80842092892234108
0.024499999999999907	0.78062031639732643
0.024599999999999907	0.75128211538270739
0.024699999999999906	0.72043321125498572
0.024799999999999905	0.68810346750313267
0.024899999999999905	0.65432569118700534
0.024999999999999904	0.61913559332516066
0.025099999999999904	0.58257174426507119
0.025199999999999903	0.54467552409732856
0.025299999999999902	0.50549106818336831
0.025399999999999902	0.46506520787335154
0.025499999999999901	0.42344740649956342
0.025599999999999901	0.38068969073710807
0.0256999999999999	0.3368465774323724
0.025799999999999899	0.29197499600512256
0.025899999999999899	0.24613420653987028
0.025999999999999898	0.19938571368641761
0.026099999999999898	0.15179317649775148
0.026199999999999897	0.10342231434024944
0.026299999999999896	0.054340809016221431
0.026399999999999896	0.0046182032465162419
0.026499999999999895	-0.045674204334509375
0.026599999999999895	-0.096463467512163698
0.026699999999999894	-0.14767510398946282
0.026799999999999893	-0.19923320987986667
0.026899999999999893	-0.25106057702041135
0.026999999999999892	-0.30307881292655692
0.027099999999999892	-0.35520846320436517
0.027199999999999891	-0.40736913623261822
0.02729999999999989	-0.45947962992313857
0.02739999999999989	-0.51145806036351316
0.027499999999999889	-0.56322199214417412
0.027599999999999889	-0.6146885701671998
0.027699999999999888	-0.66577465273327641
0.027799999999999887	-0.7163969456991669
0.027899999999999887	-0.76647213749698528
0.027999999999999886	-0.81591703480474098
0.028099999999999885	-0.86464869865493166
0.028199999999999885	-0.91258458076903204
0.028299999999999884	-0.95964265990229969
0.028399999999999884	-1.0057415779851357
0.028499999999999883	-1.0508007758453417
0.028599999999999882	-1.0947406282967727
0.028699999999999882	-1.1374825783799543
0.028799999999999881	-1.1789492705410276
0.028899999999999881	-1.2190646825367952
0.02899999999999988	-1.2577542558545616
0.029099999999999879	-1.2949450244377356
0.029199999999999879	-1.330565741510408
0.029299999999999878	-1.3645470042953713
0.029399999999999878	-1.3968213764243755
0.029499999999999877	-1.4273235078413338
0.029599999999999876	-1.4559902520030636
0.029699999999999876	-1.4827607801851177
0.029799999999999875	-1.5075766927054703
0.029899999999999875	-1.5303821268815883
0.029999999999999874	-1.5511238615421086
0.030099999999999873	-1.5697514179183911
0.030199999999999873	-1.5862171567467367
0.030299999999999872	-1.6004763714170429
0.030399999999999872	-1.6124873770099262
0.030499999999999871	-1.6222115950691345
0.03059999999999987	-1.6296136339630458
0.03069999999999987	-1.6346613646953552
0.030799999999999869	-1.6373259920309304
0.030899999999999869	-1.637582120809933
0.030999999999999868	-1.635407817330965
0.031099999999999867	-1.6307846656898359
0.031199999999999867	-1.6236978189687967
0.03129999999999987	-1.6141360451787434
0.031399999999999872	-1.6020917678635889
0.031499999999999875	-1.5875611012852686
0.031599999999999878	-1.5705438801142733
0.031699999999999881	-1.5510436835598722
0.031799999999999884	-1.5290678538824072
0.031899999999999887	-1.5046275092369679
0.03199999999999989	-1.4777375508081927
0.032099999999999893	-1.4484166642029068
0.032199999999999895	-1.4166873150765653
0.032299999999999898	-1.3825757389779305
0.032399999999999901	-1.3461119254052576
0.032499999999999904	-1.3073295960753004
0.032599999999999907	-1.266266177416431
0.03269999999999991	-1.2229627673045271
0.032799999999999913	-1.1774640960696305
0.032899999999999915	-1.1298184818105328
0.032999999999999918	-1.0800777800618362
0.033099999999999921	-1.0282973278681986
0.033199999999999924	-0.97453588232741006
0.033299999999999927	-0.91885555367409633
0.03339999999999993	-0.86132173298260573
0.033499999999999933	-0.80200301457706558
0.033599999999999935	-0.74097111324467602
0.033699999999999938	-0.67830077635521679
0.033799999999999941	-0.61406969099977537
0.033899999999999944	-0.54835838626690292
0.033999999999999947	-0.4812501307846741
0.03409999999999995	-0.41283082566211488
0.034199999999999953	-0.34318889297275057
0.034299999999999956	-0.27241515992864535
0.034399999999999958	-0.20060273890120167
0.034499999999999961	-0.12784690345063021
0.034599999999999964	-0.054244960533820108
0.034699999999999967	0.02010388093523275
0.03479999999999997	0.095098644990586609
0.034899999999999973	0.1706367267987893
0.034999999999999976	0.24661403393023651
0.035099999999999978	0.32292513052021204
0.035199999999999981	0.39946338411697818
0.035299999999999984	0.47612111501060761
0.035399999999999987	0.55278974783088775
0.03549999999999999	0.62935996519930137
0.035599999999999993	0.70572186321628572
0.035699999999999996	0.78176510856125092
0.035799999999999998	0.85737909698007886
0.035900000000000001	0.93245311293217992
0.036000000000000004	1.0068764901660765
0.036100000000000007	1.0805387729914508
0.03620000000000001	1.1533298780128614
0.036300000000000013	1.225140256089372
0.036400000000000016	1.295861054283501
0.036500000000000019	1.3653842775613414
0.036600000000000021	1.4336029500064551
0.036700000000000024	1.5004112753088805
0.036800000000000027	1.5657047962922324
0.03690000000000003	1.6293805532409797
0.037000000000000033	1.6913372407926508
0.037100000000000036	1.7514753631597668
0.037200000000000039	1.8096973874484179
0.037300000000000041	1.8659078948430758
0.037400000000000044	1.920013729428349
0.037500000000000047	1.9719241444224702
0.03760000000000005	2.0215509455989302
0.037700000000000053	2.068808631678019
0.037800000000000056	2.11361453147122
0.037900000000000059	2.1558889375679651
0.038000000000000062	2.1955552363567898
0.038100000000000064	2.23254003417853
0.038200000000000067	2.2667732794139561
0.03830000000000007	2.2981883803133956
0.038400000000000073	2.326722318381695
0.038500000000000076	2.3523157571373976
0.038600000000000079	2.3749131460717776
0.038700000000000082	2.3944628196387163
0.038800000000000084	2.410917091114281
0.038900000000000087	2.4242323411711122
0.03900000000000009	2.4343691010195925
0.039100000000000093	2.4412921299760626
0.039200000000000096	2.444970487325032
0.039300000000000099	2.4453775983509463
0.039400000000000102	2.4424913144222615
0.039500000000000104	2.4362939670197341
0.039600000000000107	2.4267724156083341
0.03970000000000011	2.413918089261331
0.039800000000000113	2.3977270219535876
0.039900000000000116	2.3781998814499339
0.040000000000000119	2.3553419917238205
0.040100000000000122	2.3291633488493182
0.040200000000000125	2.2996786303211851
0.040300000000000127	2.2669071977638602
0.04040000000000013	2.2308730930025167
0.040500000000000133	2.1916050274765775
0.040600000000000136	2.1491363649869664
0.040700000000000139	2.1035050977773921
0.040800000000000142	2.0547538159589238
0.040900000000000145	2.0029296702980002
0.041000000000000147	1.9480843283963183
0.04110000000000015	1.8902739243013456
0.041200000000000153	1.8295590015951804
0.041300000000000156	1.7660044500193259
0.041400000000000159	1.6996794357024045
0.041500000000000162	1.6306573250663425
0.041600000000000165	1.5590156024974291
0.041700000000000167	1.4848357818759357
0.04180000000000017	1.4082033120678918
0.041900000000000173	1.329207476492424
0.042000000000000176	1.2479412868848441
0.042100000000000179	1.1645013713857773
0.042200000000000182	1.078987857094899
0.042300000000000185	0.99150424723555119
0.042400000000000188	0.90215729308494585
0.04250000000000019	0.81105686083270578
0.042600000000000193	0.71831579353804409
0.042700000000000196	0.62404976836308002
0.042800000000000199	0.52837714926714363
0.042900000000000202	0.43141883535448866
0.043000000000000205	0.33329810507360147
0.043100000000000208	0.23414045647310211
0.04320000000000021	0.13407344372604599
0.043300000000000213	0.033226510139128786
0.043400000000000216	-0.068269182129986422
0.043500000000000219	-0.17028092541943035
0.043600000000000222	-0.27267464274076925
0.043700000000000225	-0.37531506654984598
0.043800000000000228	-0.47806591986888503
0.043900000000000231	-0.58079009951399285
0.044000000000000233	-0.68334986117742569
0.044100000000000236	-0.78560700611280376
0.044200000000000239	-0.88742306916638158
0.044300000000000242	-0.98865950789580015
0.044400000000000245	-1.0891778925158895
0.044500000000000248	-1.1888400964080859
0.044600000000000251	-1.2875084869294218
0.044700000000000253	-1.3850461162556205
0.044800000000000256	-1.4813169119915728
0.044900000000000259	-1.5761858672831275
0.045000000000000262	-1.6695192301626842
0.045100000000000265	-1.7611846918627052
0.045200000000000268	-1.8510515738311144
0.045300000000000271	-1.9389910131838277
0.045400000000000273	-2.024876146331791
0.045500000000000276	-2.1085822905202223
0.045600000000000279	-2.189987123021969
0.045700000000000282	-2.268970857727437
0.045800000000000285	-2.3454164188781048
0.045900000000000288	-2.4192096116930162
0.046000000000000291	-2.4902392896417047
0.046100000000000294	-2.558397518120644
0.046200000000000296	-2.6235797342953004
0.046300000000000299	-2.6856849028740748
0.046400000000000302	-2.7446156675853315
0.046500000000000305	-2.8002784981350644
0.046600000000000308	-2.8525838324272148
0.046700000000000311	-2.9014462138351886
0.046800000000000314	-2.9467844233201053
0.046900000000000316	-2.9885216061969144
0.047000000000000319	-3.0265853933568247
0.047100000000000322	-3.0609080167623315
0.047200000000000325	-3.0914264190373819
0.047300000000000328	-3.1180823569839817
0.047400000000000331	-3.1408224988646412
0.047500000000000334	-3.1595985152969956
0.047600000000000336	-3.1743671636169979
0.047700000000000339	-3.1850903655751623
0.047800000000000342	-3.1917352782386343
0.047900000000000345	-3.194274357981794
0.048000000000000348	-3.1926854174576937
0.048100000000000351	-3.1869516754504184
0.048200000000000354	-3.1770617995200285
0.048300000000000357	-3.1630099413605315
0.048400000000000359	-3.144795764800846
0.048500000000000362	-3.1224244663901568
0.048600000000000365	-3.0959067885173321
0.048700000000000368	-3.0652590250256071
0.048800000000000371	-3.0305030192942857
0.048900000000000374	-2.9916661547673922
0.049000000000000377	-2.9487813379229806
0.049100000000000379	-2.9018869736836295
0.049200000000000382	-2.8510269332821578
0.049300000000000385	-2.7962505146051617
0.049400000000000388	-2.7376123950479241
0.049500000000000391	-2.6751725769252008
0.049600000000000394	-2.6089963254915816
0.049700000000000397	-2.5391540996369732
0.0498000000000004	-2.4657214753314713
0.049900000000000402	-2.3887790619054758
0.050000000000000405	-2.3084124112595226
0.050100000000000408	-2.2247119201098213
0.050200000000000411	-2.1377727253837642
0.050300000000000414	-2.0476945928908963
0.050400000000000417	-1.9545817994031232
0.05050000000000042	-1.858543008287622
0.050600000000000422	-1.7596911388461294
0.050700000000000425	-1.6581432295215524
0.050800000000000428	-1.5540202951432414
0.050900000000000431	-1.44744717838945
0.051000000000000434	-1.3385523956552803
0.051100000000000437	-1.2274679775213784
0.05120000000000044	-1.1143293040269098
0.051300000000000442	-0.99927493495796016
0.051400000000000445	-0.8824464353698962
0.051500000000000448	-0.76398819656898653
0.051600000000000451	-0.64404725278544539
0.051700000000000454	-0.52277309377633463
0.051800000000000457	-0.40031747360333053
0.05190000000000046	-0.2768342158355121
0.052000000000000463	-0.15247901543285064
0.052100000000000465	-0.027409237572026384
0.052200000000000468	0.098216286320739352
0.052300000000000471	0.22423746505885905
0.052400000000000474	0.35049315643277729
0.052500000000000477	0.47682137791819007
0.05260000000000048	0.60305951907354194
0.052700000000000483	0.7290445553431657
0.052800000000000485	0.85461326297971274
0.052900000000000488	0.97960243479702536
0.053000000000000491	1.1038490964637273
0.053100000000000494	1.2271907230452197
0.053200000000000497	1.3494654555023209
0.0533000000000005	1.4705123168530088
0.053400000000000503	1.5901714277042869
0.053500000000000505	1.7082842208611246
0.053600000000000508	1.8246936547204733
0.053700000000000511	1.9392444251592602
0.053800000000000514	2.051783175626269
0.053900000000000517	2.1621587051505435
0.05400000000000052	2.2702221739809905
0.054100000000000523	2.375827306573568
0.054200000000000526	2.4788305916474775
0.054300000000000528	2.579091479032904
0.054400000000000531	2.6764725730387453
0.054500000000000534	2.770839822071681
0.054600000000000537	2.862062704242931
0.05470000000000054	2.9500144087045359
0.054800000000000543	3.034572012460905
0.054900000000000546	3.1156166524092259
0.055000000000000548	3.1930336923658205
0.055100000000000551	3.2667128848443672
0.055200000000000554	3.3365485273564928
0.055300000000000557	3.402439613014089
0.05540000000000056	3.4642899752184921
0.055500000000000563	3.5220084262302933
0.055600000000000566	3.5755088894213594
0.055700000000000569	3.6247105250185623
0.055800000000000571	3.669537849157205
0.055900000000000574	3.7099208460712698
0.056000000000000577	3.7457950732564425
0.05610000000000058	3.7771017594510079
0.056200000000000583	3.8037878952889073
0.056300000000000586	3.8258063164900462
0.056400000000000589	3.8431157794613613
0.056500000000000591	3.8556810291930574
0.056600000000000594	3.8634728593450531
0.056700000000000597	3.8664681644276366
0.0568000000000006	3.8646499839927331
0.056900000000000603	3.8580075387613557
0.057000000000000606	3.8465362586241931
0.057100000000000609	3.8302378024635035
0.057200000000000611	3.8091200697549059
0.057300000000000614	3.7831972039188742
0.057400000000000617	3.7524895874028403
0.05750000000000062	3.7170238284864912
0.057600000000000623	3.6768327398131704
0.057700000000000626	3.6319553086616541
0.057800000000000629	3.5824366589845247
0.057900000000000632	3.5283280052495214
0.058000000000000634	3.4696865981321885
0.058100000000000637	3.4065756621183199
0.05820000000000064	3.3390643250869454
0.058300000000000643	3.2672275399539599
0.058400000000000646	3.1911459984691484
0.058500000000000649	3.1109060372683599
0.058600000000000652	3.0265995362941127
0.058700000000000654	2.9383238097085198
0.058800000000000657	2.8461814894322455
0.05890000000000066	2.7502804014528315
0.059000000000000663	2.6507334350577989
0.059100000000000666	2.54765840515463
0.059200000000000669	2.4411779078517108
0.059300000000000672	2.3314191694828179
0.059400000000000674	2.2185138892664984
0.059500000000000677	2.1025980758006497
0.05960000000000068	1.9838118776020159
0.059700000000000683	1.8622994079066328
0.059800000000000686	1.7382085639582994
0.059900000000000689	1.6116908410164645
0.060000000000000692	1.4829011413246382
0.060100000000000695	1.3519975782872331
0.060200000000000697	1.2191412761083764
0.0603000000000007	1.0844961651536396
0.060400000000000703	0.94822877330184741
0.060500000000000706	0.81050801355875179
0.060600000000000709	0.67150496821088201
0.060700000000000712	0.53139266980233213
0.060800000000000715	0.39034587922168229
0.060900000000000717	0.24854086119093255
0.06100000000000072	0.10615515745166704
0.061100000000000723	-0.036632642052191584
0.061200000000000726	-0.17964312969394333
0.061300000000000729	-0.32269631208023514
0.061400000000000732	-0.46561184305838782
0.061500000000000735	-0.60820925750502575
0.061600000000000737	-0.75030820558713329
0.06170000000000074	-0.89172868718370302
0.061800000000000743	-1.0322912861573115
0.061900000000000746	-1.1718174041635903
0.062000000000000749	-1.3101294936871664
0.062100000000000752	-1.4470512899939472
0.062200000000000755	-1.5824080416899706
0.062300000000000758	-1.716026739579076
0.06240000000000076	-1.8477363435132641
0.062500000000000763	-1.9773680069327153
0.062600000000000766	-2.1047552987942231
0.062700000000000769	-2.2297344225909415
0.062800000000000772	-2.3521444321692186
0.062900000000000775	-2.4718274440530719
0.063000000000000778	-2.5886288459904421
0.06310000000000078	-2.7023975014410277
0.063200000000000783	-2.8129859497297618
0.063300000000000786	-2.9202506015963268
0.063400000000000789	-3.0240519298769475
0.063500000000000792	-3.1242546550601871
0.063600000000000795	-3.220727925466397
0.063700000000000798	-3.3133454918064946
0.063800000000000801	-3.4019858758830916
0.063900000000000803	-3.486532533205521
0.064000000000000806	-3.5668740092971767
0.064100000000000809	-3.6429040894827356
0.064200000000000812	-3.7145219419505153
0.064300000000000815	-3.7816322538951304
0.064400000000000818	-3.8441453605537714
0.064500000000000821	-3.9019773669592088
0.064600000000000823	-3.9550502622426613
0.064700000000000826	-4.003292026328098
0.064800000000000829	-4.0466367288717988
0.064900000000000832	-4.0850246203092944
0.065000000000000835	-4.1184022148830088
0.065100000000000838	-4.146722365534921
0.065200000000000841	-4.1699443305591393
0.065300000000000843	-4.18803383191959
0.065400000000000846	-4.2009631051498708
0.065500000000000849	-4.2087109407642753
0.065600000000000852	-4.211262717117136
0.065700000000000855	-4.2086104246636733
0.065800000000000858	-4.2007526815830181
0.065900000000000861	-4.1876947407375118
0.066000000000000864	-4.1694484879538036
0.066100000000000866	-4.1460324316224861
0.066200000000000869	-4.1174716836245793
0.066300000000000872	-4.0837979316052584
0.066400000000000875	-4.0450494026265735
0.066500000000000878	-4.0012708182415428
0.066600000000000881	-3.9525133410457292
0.066700000000000884	-3.8988345127707174
0.066800000000000886	-3.8402981839985908
0.066900000000000889	-3.7769744355846475
0.067000000000000892	-3.7089394918889282
0.067100000000000895	-3.6362756259273201
0.067200000000000898	-3.5590710565634609
0.067300000000000901	-3.4774198378737244
0.067400000000000904	-3.3914217408287928
0.067500000000000906	-3.3011821274438002
0.067600000000000909	-3.2068118175613081
0.067700000000000912	-3.1084269484394227
0.067800000000000915	-3.0061488273286296
0.067900000000000918	-2.9001037772285669
0.068000000000000921	-2.7904229760272736
0.068100000000000924	-2.6772422892321925
0.068200000000000927	-2.5607020965123666
0.068300000000000929	-2.4409471122790323
0.068400000000000932	-2.3181262005395982
0.068500000000000935	-2.192392184268201
0.068600000000000938	-2.0639016495431455
0.068700000000000941	-1.9328147447086066
0.068800000000000944	-1.7992949748245415
0.068900000000000947	-1.6635089916754595
0.069000000000000949	-1.5256263796144292
0.069100000000000952	-1.3858194375242436
0.069200000000000955	-1.2442629571830801
0.069300000000000958	-1.1011339983270112
0.069400000000000961	-0.95661166070535053
0.069500000000000964	-0.81087685343022697
0.069600000000000967	-0.66411206192395711
0.06970000000000097	-0.51650111277250943
0.069800000000000972	-0.36822893679448626
0.069900000000000975	-0.21948133063946443
0.070000000000000978	-0.070444717229520809
0.070100000000000981	0.078694094639183462
0.070200000000000984	0.22774815121732561
0.070300000000000987	0.37653059492783852
0.07040000000000099	0.52485490537732182
0.070500000000000992	0.67253513993462377
0.070600000000000995	0.81938617355980392
0.070700000000000998	0.96522393756575631
0.070800000000001001	1.1098656569974272
0.070900000000001004	1.2531300863156074
0.071000000000001007	1.3948377430732164
0.07110000000000101	1.5348111392762347
0.071200000000001012	1.6728750101236982
0.071300000000001015	1.8088565398244547
0.071400000000001018	1.9425855841932664
0.071500000000001021	2.0738948897321401
0.071600000000001024	2.2026203089080196
0.071700000000001027	2.3286010113434394
0.07180000000000103	2.4516796906407357
0.071900000000001033	2.5717027665687127
0.072000000000001035	2.6885205823442639
0.072100000000001038	2.8019875967499406
0.072200000000001041	2.9119625708344445
0.072300000000001044	3.0183087489509863
0.072400000000001047	3.1208940338947788
0.07250000000000105	3.2195911559107295
0.072600000000001053	3.3142778353490305
0.072700000000001055	3.4048369387552349
0.072800000000001058	3.4911566281912374
0.072900000000001061	3.5731305035911403
0.073000000000001064	3.6506577379661582
0.073100000000001067	3.7236432052827588
0.07320000000000107	3.7919976008466243
0.073300000000001073	3.8556375540368446
0.073400000000001075	3.9144857332433691
0.073500000000001078	3.9684709428725937
0.073600000000001081	4.0175282122954545
0.073700000000001084	4.0615988766238962
0.073800000000001087	4.1006306492124942
0.07390000000000109	4.1345776857925634
0.074000000000001093	4.163400640157894
0.074100000000001096	4.1870667113324096
0.074200000000001098	4.2055496821609397
0.074300000000001101	4.2188299492769143
0.074400000000001104	4.2268945444106585
0.074500000000001107	4.2297371470153067
0.07460000000000111	4.2273580881978754
0.074700000000001113	4.21976434595447
0.074800000000001116	4.2069695317213363
0.074900000000001118	4.1889938682640739
0.075000000000001121	4.1658641589388212
0.075100000000001124	4.1376137483718853
0.075200000000001127	4.1042824746140045
0.07530000000000113	4.0659166128385751
0.075400000000001133	4.0225688106628557
0.075500000000001136	3.9742980151835869
0.075600000000001139	3.9211693918282942
0.075700000000001141	3.863254235135773
0.075800000000001144	3.8006298715884945
0.075900000000001147	3.7333795546315494
0.07600000000000115	3.6615923520219456
0.076100000000001153	3.5853630256634679
0.076200000000001156	3.5047919040906752
0.076300000000001159	3.4199847477770908
0.076400000000001161	3.3310526074508542
0.076500000000001164	3.2381116756103245
0.076600000000001167	3.1412831314424263
0.07670000000000117	3.0406929793533117
0.076800000000001173	2.9364718813305162
0.076900000000001176	2.8287549833641092
0.077000000000001179	2.717681736160785
0.077100000000001181	2.6033957103935101
0.077200000000001184	2.4860444067363043
0.077300000000001187	2.3657790609397011
0.07740000000000119	2.2427544442098029
0.077500000000001193	2.1171286591594822
0.077600000000001196	1.9890629316062627
0.077700000000001199	1.8587213984957303
0.077800000000001202	1.7262708922361623
0.077900000000001204	1.5918807217328297
0.078000000000001207	1.4557224504152901
0.07810000000000121	1.3179696715552762
0.078200000000001213	1.1787977811748467
0.078300000000001216	1.0383837488492311
0.078400000000001219	0.89690588670909066
0.078500000000001222	0.75454361695150662
0.078600000000001224	0.61147723816854749
0.078700000000001227	0.46788769080485676
0.07880000000000123	0.32395632205653413
0.078900000000001233	0.17986465052276837
0.079000000000001236	0.035794130923936504
0.079100000000001239	-0.10807408080300757
0.079200000000001242	-0.25155936172014703
0.079300000000001244	-0.39448185510505529
0.079400000000001247	-0.53666270236000924
0.07950000000000125	-0.67792427330812222
0.079600000000001253	-0.81809039457186306
0.079700000000001256	-0.95698657573369073
0.079800000000001259	-1.0944402329811687
0.079900000000001262	-1.2302809099425405
0.080000000000001265	-1.3643404954231475
0.080100000000001267	-1.4964534377573737
0.08020000000000127	-1.6264569554956927
0.080300000000001273	-1.7541912441516314
0.080400000000001276	-1.8794996787390197
0.080500000000001279	-2.0022290118361066
0.080600000000001282	-2.1222295669188909
0.080700000000001285	-2.2393554267134346
0.080800000000001287	-2.3534646163230706
0.08090000000000129	-2.4644192808945578
0.081000000000001293	-2.5720858575940246
0.081100000000001296	-2.676335241672366
0.081200000000001299	-2.7770429464070232
0.081300000000001302	-2.8740892567163758
0.081400000000001305	-2.9673593762513826
0.081500000000001308	-3.0567435677778847
0.08160000000000131	-3.1421372866727508
0.081700000000001313	-3.2234413073662935
0.081800000000001316	-3.3005618425728596
0.081900000000001319	-3.3734106551617953
0.082000000000001322	-3.4419051625310129
0.082100000000001325	-3.5059685333551092
0.082200000000001328	-3.5655297765914016
0.08230000000000133	-3.6205238226371583
0.082400000000001333	-3.6708915965414954
0.082500000000001336	-3.7165800831879428
0.082600000000001339	-3.7575423843729099
0.082700000000001342	-3.7937377677167352
0.082800000000001345	-3.8251317073558413
0.082900000000001348	-3.8516959163748505
0.08300000000000135	-3.8734083709489195
0.083100000000001353	-3.8902533261778447
0.083200000000001356	-3.9022213236047696
0.083300000000001359	-3.9093091904232851
0.083400000000001362	-3.9115200303881119
0.083500000000001365	-3.9088632064560804
0.083600000000001368	-3.9013543151939598
0.083700000000001371	-3.8890151530025951
0.083800000000001373	-3.8718736742160829
0.083900000000001376	-3.849963941146636
0.084000000000001379	-3.8233260661560653
0.084100000000001382	-3.7920061458458636
0.084200000000001385	-3.7560561874673994
0.084300000000001388	-3.7155340276657118
0.084400000000001391	-3.6705032436788514
0.084500000000001393	-3.6210330571256919
0.084600000000001396	-3.5671982305249812
0.084700000000001399	-3.5090789566973748
0.084800000000001402	-3.4467607412119343
0.084900000000001405	-3.3803342780478545
0.085000000000001408	-3.3098953186509918
0.085100000000001411	-3.235544534572687
0.085200000000001413	-3.1573873738880756
0.085300000000001416	-3.075533911598137
0.085400000000001419	-2.9900986942275871
0.085500000000001422	-2.9012005788389597
0.085600000000001425	-2.8089625666890568
0.085700000000001428	-2.7135116317626871
0.085800000000001431	-2.6149785444231255
0.085900000000001434	-2.5134976904263544
0.086000000000001436	-2.4092068855514275
0.086100000000001439	-2.3022471861044824
0.086200000000001442	-2.1927626955601434
0.086300000000001445	-2.0809003676073536
0.086400000000001448	-1.9668098058721988
0.086500000000001451	-1.850643060593697
0.086600000000001454	-1.7325544225326581
0.086700000000001456	-1.6127002143960461
0.086800000000001459	-1.4912385800632675
0.086900000000001462	-1.36832927190249
0.087000000000001465	-1.2441334364672167
0.087100000000001468	-1.1188133988651081
0.087200000000001471	-0.99253244609265145
0.087300000000001474	-0.86545460962913912
0.087400000000001477	-0.73774444758505564
0.087500000000001479	-0.60956682669898832
0.087600000000001482	-0.48108670447743079
0.087700000000001485	-0.35246891177081313
0.087800000000001488	-0.2238779360778797
0.087900000000001491	-0.095477705869415244
0.088000000000001494	0.032568623780826193
0.088100000000001497	0.16009888397070479
0.088200000000001499	0.28695210286685846
0.088300000000001502	0.41296871444410105
0.088400000000001505	0.53799076478974794
0.088500000000001508	0.66186211570013431
0.088600000000001511	0.78442864530058232
0.088700000000001514	0.90553844542489159
0.088800000000001517	1.0250420154945206
0.088900000000001519	1.1427924526446511
0.089000000000001522	1.2586456378480373
0.089100000000001525	1.3724604177950706
0.089200000000001528	1.4840987822940552
0.089300000000001531	1.5934260369622992
0.089400000000001534	1.700310970986167
0.089500000000001537	1.8046260197342081
0.08960000000000154	1.906247422017068
0.089700000000001542	2.0050553717930661
0.089800000000001545	2.1009341641284038
0.089900000000001548	2.1937723352287075
0.090000000000001551	2.2834627963665706
0.090100000000001554	2.3699029615387839
0.090200000000001557	2.4529948686969827
0.09030000000000156	2.5326452944021689
0.090400000000001562	2.6087658617657716
0.090500000000001565	2.6812731415473219
0.090600000000001568	2.750088746289387
0.090700000000001571	2.8151394173801672
0.090800000000001574	2.8763571049440992
0.090900000000001577	2.9336790404702819
0.09100000000000158	2.9870478021002231
0.091100000000001582	3.0364113725047579
0.091200000000001585	3.0817231892919308
0.091300000000001588	3.1229421878972077
0.091400000000001591	3.1600328369178841
0.091500000000001594	3.1929651658642686
0.091600000000001597	3.221714785310815
0.0917000000000016	3.2462628994405285
0.091800000000001603	3.2665963109865834
0.091900000000001605	3.2827074185857428
0.092000000000001608	3.2945942065685028
0.092100000000001611	3.3022602272206805
0.092200000000001614	3.3057145755629089
0.092300000000001617	3.3049718567028425
0.09240000000000162	3.30005214582649
0.092500000000001623	3.2909809409042672
0.092600000000001625	3.2777891081977848
0.092700000000001628	3.2605128206621412
0.092800000000001631	3.2391934893497001
0.092900000000001634	3.2138776879289463
0.093000000000001637	3.18461707044264
0.09310000000000164	3.1514682824375506
0.093200000000001643	3.1144928656079029
0.093300000000001646	3.0737571561016965
0.093400000000001648	3.0293321766496906
0.093500000000001651	2.9812935226829045
0.093600000000001654	2.9297212426133092
0.093700000000001657	2.8746997124604774
0.09380000000000166	2.8163175050131777
0.093900000000001663	2.7546672537229169
0.094000000000001666	2.6898455115332065
0.094100000000001668	2.6219526048539969
0.094200000000001671	2.5510924828978903
0.094300000000001674	2.4773725626000762
0.094400000000001677	2.4009035693495999
0.09450000000000168	2.3217993737650322
0.094600000000001683	2.2401768247517566
0.094700000000001686	2.1561555790839404
0.094800000000001688	2.0698579277568134
0.094900000000001691	1.9814086193603777
0.095000000000001694	1.8909346807276064
0.095100000000001697	1.7985652351146517
0.0952000000000017	1.7044313181722077
0.095300000000001703	1.6086656919705897
0.095400000000001706	1.5114026573420503
0.095500000000001709	1.4127778648062959
0.095600000000001711	1.3129281243461921
0.095700000000001714	1.2119912143011669
0.095800000000001717	1.1101056896469652
0.09590000000000172	1.0074106899298414
0.096000000000001723	0.9040457471235227
0.096100000000001726	0.8001505936766049
0.096200000000001729	0.69586497101657474
0.096300000000001731	0.59132843877586028
0.096400000000001734	0.48668018500313653
0.096500000000001737	0.38205883762139031
0.09660000000000174	0.27760227739124138
0.096700000000001743	0.1734474526355046
0.096800000000001746	0.069730195978208703
0.096900000000001749	-0.033414956653476602
0.097000000000001751	-0.13585494451833335
0.097100000000001754	-0.23745835780069949
0.097200000000001757	-0.33809561036355512
0.09730000000000176	-0.43763910928373528
0.097400000000001763	-0.53596342094256955
0.097500000000001766	-0.63294543345115639
0.097600000000001769	-0.72846451519482702
0.097700000000001772	-0.82240266928798977
0.097800000000001774	-0.9146446837361959
0.097900000000001777	-1.0050782771100712
0.09800000000000178	-1.0935942395408853
0.098100000000001783	-1.1800865688566258
0.098200000000001786	-1.2644526016835163
0.098300000000001789	-1.3465931393460837
0.098400000000001792	-1.4264125684062658
0.098500000000001794	-1.5038189756912292
0.098600000000001797	-1.5787242576658236
0.0987000000000018	-1.6510442240164906
0.098800000000001803	-1.7206986953197101
0.098900000000001806	-1.7876115946786575
0.099000000000001809	-1.8517110332191737
0.099100000000001812	-1.9129293893466948
0.099200000000001815	-1.9712033816730818
0.099300000000001817	-2.0264741355336069
0.09940000000000182	-2.0786872430220664
0.099500000000001823	-2.1277928164821214
0.099600000000001826	-2.1737455354024879
0.099700000000001829	-2.2165046866731126
0.099800000000001832	-2.2560341981683996
0.099900000000001835	-2.2923026656345753
0.10000000000000184	-2.3252833728664113
0.10010000000000184	-2.3549543051688082
0.10020000000000184	-2.3812981561087332
0.10030000000000185	-2.4043023275716404
0.10040000000000185	-2.4239589231466052
0.10050000000000185	-2.4402647348740993
0.10060000000000185	-2.4532212233990149
0.10070000000000186	-2.4628344915813587
0.10080000000000186	-2.469115251626167
0.10090000000000186	-2.4720787858033013
0.10100000000000187	-2.471744900836196
0.10110000000000187	-2.4681378760487616
0.10120000000000187	-2.461286405366891
0.10130000000000187	-2.4512235332803116
0.10140000000000188	-2.4379865848790998
0.10150000000000188	-2.4216170900862468
0.10160000000000188	-2.4021607022171834
0.10170000000000189	-2.3796671110037009
0.10180000000000189	-2.3541899502275845
0.10190000000000189	-2.325786700116959
0.10200000000000189	-2.2945185846650893
0.1021000000000019	-2.2604504640379397
0.1022000000000019	-2.223650722244316
0.1023000000000019	-2.1841911502476234
0.10240000000000191	-2.1421468247048732
0.10250000000000191	-2.0975959825244224
0.10260000000000191	-2.0506198914391827
0.10270000000000191	-2.0013027167968782
0.10280000000000192	-1.9497313847747491
0.10290000000000192	-1.8959954422294767
0.10300000000000192	-1.8401869133982318
0.10310000000000193	-1.782400153670135
0.10320000000000193	-1.7227317006513512
0.10330000000000193	-1.6612801227498823
0.10340000000000193	-1.5981458655095153
0.10350000000000194	-1.5334310959245054
0.10360000000000194	-1.4672395449692617
0.10370000000000194	-1.3996763485785417
0.10380000000000195	-1.3308478873159255
0.10390000000000195	-1.2608616249691891
0.10400000000000195	-1.1898259463116301
0.10410000000000195	-1.1178499942699669
0.10420000000000196	-1.0450435067382013
0.10430000000000196	-0.97151665327779657
0.10440000000000196	-0.89737987194329538
0.10450000000000197	-0.82274370647186446
0.10460000000000197	-0.74771864407383548
0.10470000000000197	-0.67241495405974849
0.10480000000000197	-0.59694252753780053
0.10490000000000198	-0.5214107184128054
0.10500000000000198	-0.44592818591532707
0.10510000000000198	-0.37060273888715067
0.10520000000000199	-0.29554118204540292
0.10530000000000199	-0.22084916444421382
0.10540000000000199	-0.14663103034939767
0.10550000000000199	-0.072989672736742325
0.105600000000002	-2.6389620347459092e-005
0.105700000000002	0.072159256586988504
0.105800000000002	0.14346957648526759
0.10590000000000201	0.2138088876789658
0.10600000000000201	0.28308364516358253
0.10610000000000201	0.35120256792699989
0.10620000000000202	0.41807676159237062
0.10630000000000202	0.48361983693464755
0.10640000000000202	0.54774802411078605
0.10650000000000202	0.61038028244912101
0.10660000000000203	0.67143840565125745
0.10670000000000203	0.73084712226692161
0.10680000000000203	0.7885341913092867
0.10690000000000204	0.84443049288626559
0.10700000000000204	0.89847011373070296
0.10710000000000204	0.95059042752075473
0.10720000000000204	1.0007321698891263
0.10730000000000205	1.0488395080284585
0.10740000000000205	1.0948601048089199
0.10750000000000205	1.1387451773306556
0.10760000000000206	1.1804495498450782
0.10770000000000206	1.2199317009848181
0.10780000000000206	1.2571538052523956
0.10790000000000206	1.2920817687259312
0.10800000000000207	1.3246852589491396
0.10810000000000207	1.354937728980723
0.10820000000000207	1.3828164355890118
0.10830000000000208	1.4083024515840521
0.10840000000000208	1.4313806722901967
0.10850000000000208	1.4520398161695971
0.10860000000000208	1.4702724196169614
0.10870000000000209	1.4860748259527894
0.10880000000000209	1.4994471686534745
0.10890000000000209	1.5103933488627379
0.1090000000000021	1.5189210072386927
0.1091000000000021	1.5250414901991567
0.1092000000000021	1.5287698106350176
0.1093000000000021	1.530124603171219
0.10940000000000211	1.5291280740615329
0.10950000000000211	1.5258059458117685
0.10960000000000211	1.5201873966334025
0.10970000000000212	1.5123049948380043
0.10980000000000212	1.5021946282885041
0.10990000000000212	1.4898954290324415
0.11000000000000212	1.47544969324791
0.11010000000000213	1.4589027966400561
0.11020000000000213	1.4403031054326523
0.11030000000000213	1.419701883105581
0.11040000000000214	1.3971531930344021
0.11050000000000214	1.3727137971953836
0.11060000000000214	1.3464430511035248
0.11070000000000214	1.3184027951568671
0.11080000000000215	1.2886572425660419
0.11090000000000215	1.2572728640516768
0.11100000000000215	1.2243182694974226
0.11110000000000216	1.1898640867503836
0.11120000000000216	1.1539828377646226
0.11130000000000216	1.1167488122868718
0.11140000000000216	1.0782379392866213
0.11150000000000217	1.0385276563367394
0.11160000000000217	0.99769677715176752
0.11170000000000217	0.95582535749487596
0.11180000000000218	0.91299455966555054
0.11190000000000218	0.86928651578226546
0.11200000000000218	0.82478419007518677
0.11210000000000218	0.77957124040577874
0.11220000000000219	0.73373187922986915
0.11230000000000219	0.68735073422217552
0.11240000000000219	0.64051270877941557
0.1125000000000022	0.59330284261944255
0.1126000000000022	0.54580617269289611
0.1127000000000022	0.49810759462301973
0.1128000000000022	0.45029172488814068
0.11290000000000221	0.40244276395942868
0.11300000000000221	0.35464436060501864
0.11310000000000221	0.30697947756913069
0.11320000000000222	0.25953025883211722
0.11330000000000222	0.21237789865479503
0.11340000000000222	0.16560251260761633
0.11350000000000222	0.11928301078059081
0.11360000000000223	0.073496973367607257
0.11370000000000223	0.028320528813605316
0.11380000000000223	-0.016171765290430382
0.11390000000000224	-0.059907038384901613
0.11400000000000224	-0.10281422001616553
0.11410000000000224	-0.14482414963804488
0.11420000000000224	-0.18586968297579479
0.11430000000000225	-0.22588579479308804
0.11440000000000225	-0.26480967790905369
0.11450000000000225	-0.30258083831802662
0.11460000000000226	-0.33914118627071965
0.11470000000000226	-0.37443512318288075
0.11480000000000226	-0.40840962424333499
0.11490000000000226	-0.44101431660039553
0.11500000000000227	-0.47220155301293637
0.11510000000000227	-0.50192648085937841
0.11520000000000227	-0.53014710640498242
0.11530000000000228	-0.55682435423602961
0.11540000000000228	-0.58192212177642799
0.11550000000000228	-0.60540732881016524
0.11560000000000228	-0.62724996194116367
0.11570000000000229	-0.64742311393018137
0.11580000000000229	-0.66590301785499373
0.11590000000000229	-0.68266907605092786
0.1160000000000023	-0.69770388379421611
0.1161000000000023	-0.71099324770036554
0.1162000000000023	-0.72252619881786606
0.1163000000000023	-0.73229500040531059
0.11640000000000231	-0.74029515038865168
0.11650000000000231	-0.74652537850376754
0.11660000000000231	-0.75098763813723202
0.11670000000000232	-0.75368709288672742
0.11680000000000232	-0.75463209787119945
0.11690000000000232	-0.75383417582765166
0.11700000000000232	-0.75130798804126053
0.11710000000000233	-0.74707130016223156
0.11720000000000233	-0.74114494297115596
0.11730000000000233	-0.73355276816251591
0.11740000000000234	-0.72432159922379624
0.11750000000000234	-0.71348117749421769
0.11760000000000234	-0.70106410349671966
0.11770000000000234	-0.68710577364140824
0.11780000000000235	-0.67164431240802092
0.11790000000000235	-0.65472050012067717
0.11800000000000235	-0.63637769643568942
0.11810000000000236	-0.61666175966884695
0.11820000000000236	-0.59562096209646986
0.11830000000000236	-0.57330590136926673
0.11840000000000236	-0.54976940818478637
0.11850000000000237	-0.52506645036977262
0.11860000000000237	-0.49925403352962278
0.11870000000000237	-0.47239109842628907
0.11880000000000238	-0.44453841525297511
0.11890000000000238	-0.41575847497632396
0.11900000000000238	-0.38611537792338219
0.11910000000000238	-0.35567471979367327
0.11920000000000239	-0.32450347528086299
0.11930000000000239	-0.29266987949237722
0.11940000000000239	-0.2602433073585374
0.1195000000000024	-0.22729415122615629
0.1196000000000024	-0.19389369683338517
0.1197000000000024	-0.16011399786662997
0.1198000000000024	-0.12602774930088634
0.11990000000000241	-0.091708159727674238
0.12000000000000241	-0.05722882287632975
0.12010000000000241	-0.022663588534933381
0.12020000000000242	0.011913566921390192
0.12030000000000242	0.046428670186325162
0.12040000000000242	0.080807880654285513
0.12050000000000242	0.11497761982002978
0.12060000000000243	0.14886470023732515
0.12070000000000243	0.18239645383026276
0.12080000000000243	0.2155008593499842
0.12090000000000244	0.24810666877248519
0.12100000000000244	0.28014353243374673
0.12110000000000244	0.31154212270107101
0.12120000000000244	0.34223425598123686
0.12130000000000245	0.3721530128690661
0.12140000000000245	0.40123285624263294
0.12150000000000245	0.42940974711474911
0.12160000000000246	0.45662125805352627
0.12170000000000246	0.48280668398853632
0.12180000000000246	0.50790715022388644
0.12190000000000246	0.53186571748261857
0.12200000000000247	0.55462748381231963
0.12210000000000247	0.57613968318653075
0.12220000000000247	0.59635178064149408
0.12230000000000248	0.61521556379266074
0.12240000000000248	0.63268523058242676
0.12250000000000248	0.6487174731143498
0.12260000000000248	0.66327155743707755
0.12270000000000249	0.676309399146099
0.12280000000000249	0.6877956346785653
0.12290000000000249	0.69769768818291822
0.1230000000000025	0.70598583385189295
0.1231000000000025	0.71263325361449081
0.1232000000000025	0.71761609008959937
0.1233000000000025	0.72091349471158028
0.12340000000000251	0.72250767094522383
0.12350000000000251	0.72238391251514333
0.12360000000000251	0.72053063658272387
0.12370000000000252	0.71693941181151788
0.12380000000000252	0.71160498126908589
0.12390000000000252	0.70452528012282167
0.12400000000000252	0.69570144809386414
0.12410000000000253	0.685137836642289
0.12420000000000253	0.67284201086455331
0.12430000000000253	0.65882474609272534
0.12440000000000254	0.64310001919297077
0.12450000000000254	0.62568499456899929
0.12460000000000254	0.6066000048845982
0.12470000000000254	0.58586852652804999
0.12480000000000255	0.56351714984811574
0.12490000000000255	0.53957554420140852
0.12500000000000255	0.51407641785705249
0.12510000000000254	0.48705547281423639
0.12520000000000253	0.45855135459502105
0.12530000000000252	0.4286055970840682
0.12540000000000251	0.39726256249289676
0.1255000000000025	0.36456937653556432
0.12560000000000249	0.33057585890984392
0.12570000000000248	0.29533444918465557
0.12580000000000247	0.25890012820256225
0.12590000000000245	0.22133033511341718
0.12600000000000244	0.18268488016108933
0.12610000000000243	0.1430258533534586
0.12620000000000242	0.10241752915122115
0.12630000000000241	0.060926267318182438
0.1264000000000024	0.018620410081598808
0.12650000000000239	-0.024429824243085121
0.12660000000000238	-0.06815245100233501
0.12670000000000237	-0.11247383216422036
0.12680000000000236	-0.15731879231610724
0.12690000000000234	-0.20261073752491196
0.12700000000000233	-0.24827177687838897
0.12710000000000232	-0.29422284652296277
0.12720000000000231	-0.34038383600827948
0.1273000000000023	-0.38667371674493828
0.12740000000000229	-0.43301067237886759
0.12750000000000228	-0.47931223088182445
0.12760000000000227	-0.52549539815465074
0.12770000000000226	-0.57147679293733034
0.12780000000000225	-0.61717278281740051
0.12790000000000223	-0.66249962112601302
0.12800000000000222	-0.70737358450945553
0.12810000000000221	-0.75171111096226118
0.1282000000000022	-0.79542893810684756
0.12830000000000219	-0.83844424150414998
0.12840000000000218	-0.88067477277865869
0.12850000000000217	-0.92203899734164607
0.12860000000000216	-0.96245623149621584
0.12870000000000215	-1.0018467787085041
0.12880000000000214	-1.0401320648297554
0.12890000000000212	-1.0772347720557405
0.12900000000000211	-1.1130789714110125
0.1291000000000021	-1.1475902535474651
0.12920000000000209	-1.1806958576485382
0.12930000000000208	-1.2123247982333885
0.12940000000000207	-1.2424079896575086
0.12950000000000206	-1.2708783681092306
0.12960000000000205	-1.2976710109060774
0.12970000000000204	-1.3227232528970103
0.12980000000000202	-1.3459747997813587
0.12990000000000201	-1.3673678381602647
0.130000000000002	-1.3868471421389472
0.13010000000000199	-1.4043601763052376
0.13020000000000198	-1.4198571949134438
0.13030000000000197	-1.4332913371083082
0.13040000000000196	-1.4446187180294658
0.13050000000000195	-1.4537985156433781
0.13060000000000194	-1.4607930531544226
0.13070000000000193	-1.465567876854236
0.13080000000000191	-1.4680918292749099
0.1309000000000019	-1.468337117517754
0.13100000000000189	-1.4662793766374174
0.13110000000000188	-1.461897727967074
0.13120000000000187	-1.4551748322788014
0.13130000000000186	-1.4460969376802273
0.13140000000000185	-1.4346539221566204
0.13150000000000184	-1.4208393306751101
0.13160000000000183	-1.404650406775996
0.13170000000000182	-1.3860881185838752
0.1318000000000018	-1.3651571791803034
0.13190000000000179	-1.3418660612870505
0.13200000000000178	-1.3162270062183814
0.13210000000000177	-1.2882560270686971
0.13220000000000176	-1.2579729061106582
0.13230000000000175	-1.2254011863879808
0.13240000000000174	-1.1905681574948628
0.13250000000000173	-1.1535048355435176
0.13260000000000172	-1.1142459373301439
0.13270000000000171	-1.072829848717231
0.13280000000000169	-1.0292985872603815
0.13290000000000168	-0.98369775911549906
0.13300000000000167	-0.9360765102710753
0.13310000000000166	-0.88648747215939605
0.13320000000000165	-0.83498670170834166
0.13330000000000164	-0.7816336159044257
0.13340000000000163	-0.72649092094640433
0.13350000000000162	-0.6696245360759685
0.13360000000000161	-0.61110351218147496
0.1337000000000016	-0.55099994527881946
0.13380000000000158	-0.48938888497930388
0.13390000000000157	-0.42634823806580663
0.13400000000000156	-0.36195866730239901
0.13410000000000155	-0.29630348561327141
0.13420000000000154	-0.22946854577154388
0.13430000000000153	-0.16154212574755811
0.13440000000000152	-0.092614809871358728
0.13450000000000151	-0.022779365973363216
0.1346000000000015	0.047869381330227979
0.13470000000000149	0.11923468103021684
0.13480000000000147	0.19121798961538464
0.13490000000000146	0.26371910827513567
0.13500000000000145	0.33663632322082437
0.13510000000000144	0.40986654892921182
0.13520000000000143	0.48330547410527136
0.13530000000000142	0.55684771015757073
0.13540000000000141	0.6303869419751017
0.1355000000000014	0.70381608079025859
0.13560000000000139	0.77702741890876681
0.13570000000000138	0.84991278608458976
0.13580000000000136	0.92236370731379147
0.13590000000000135	0.99427156181962006
0.13600000000000134	1.0655277429976895
0.13610000000000133	1.1360238190887895
0.13620000000000132	1.205651694344539
0.13630000000000131	1.2743037704497462
0.1364000000000013	1.3418731079650195
0.13650000000000129	1.4082535875505746
0.13660000000000128	1.4733400707346618
0.13670000000000126	1.537028559986463
0.13680000000000125	1.599216357857224
0.13690000000000124	1.6598022249507229
0.13700000000000123	1.7186865364879749
0.13710000000000122	1.7757714372302238
0.13720000000000121	1.8309609945275807
0.1373000000000012	1.8841613492615208
0.13740000000000119	1.9352808644524817
0.13750000000000118	1.984230271306491
0.13760000000000117	2.0309228124774834
0.13770000000000115	2.0752743823257012
0.13780000000000114	2.1172036639557712
0.13790000000000113	2.1566322628229324
0.13800000000000112	2.1934848366994504
0.13810000000000111	2.2276892217979647
0.1382000000000011	2.2591765548543168
0.13830000000000109	2.287881390976704
0.13840000000000108	2.3137418170739914
0.13850000000000107	2.3366995606818319
0.13860000000000106	2.3567000940116034
0.13870000000000104	2.373692733052942
0.13880000000000103	2.3876307315682475
0.13890000000000102	2.3984713698230982
0.13900000000000101	2.4061760379056603
0.139100000000001	2.410710313492999
0.13920000000000099	2.4120440339322688
0.13930000000000098	2.4101513625111237
0.13940000000000097	2.4050108487997544
0.13950000000000096	2.3966054829560091
0.13960000000000095	2.3849227438926124
0.13970000000000093	2.3699546412144525
0.13980000000000092	2.3516977508424257
0.13990000000000091	2.3301532442493329
0.1400000000000009	2.3053269112422861
0.14010000000000089	2.2772291762350334
0.14020000000000088	2.2458751079628732
0.14030000000000087	2.2112844226022617
0.14040000000000086	2.173481480266453
0.14050000000000085	2.1324952748576731
0.14060000000000084	2.0883594172667168
0.14070000000000082	2.0411121119189866
0.14080000000000081	1.9907961266772156
0.1409000000000008	1.937458756118664
0.14100000000000079	1.881151778216128
0.14110000000000078	1.8219314044608073
0.14120000000000077	1.7598582234733939
0.14130000000000076	1.694997138161896
0.14140000000000075	1.6274172964910787
0.14150000000000074	1.5571920159403263
0.14160000000000073	1.484398701734293
0.14170000000000071	1.4091187589405298
0.1418000000000007	1.3314374985369806
0.14190000000000069	1.2514440375619711
0.14200000000000068	1.1692311934667468
0.14210000000000067	1.0848953728005015
0.14220000000000066	0.99853645436561089
0.14230000000000065	0.91025766698908184
0.14240000000000064	0.82016546206460728
0.14250000000000063	0.7283693810273616
0.14260000000000062	0.63498191793152092
0.1427000000000006	0.54011837730713597
0.14280000000000059	0.44389672748192444
0.14290000000000058	0.3464374495584146
0.14300000000000057	0.24786338224548068
0.14310000000000056	0.14829956274814005
0.14320000000000055	0.047873063927617691
0.14330000000000054	-0.053287172053059377
0.14340000000000053	-0.15505050337425236
0.14350000000000052	-0.25728476126875333
0.14360000000000051	-0.35985642556179653
0.14370000000000049	-0.46263080280473362
0.14380000000000048	-0.56547220676064647
0.14390000000000047	-0.66824414099634533
0.14400000000000046	-0.77080948333105603
0.14410000000000045	-0.87303067188956607
0.14420000000000044	-0.97476989250356683
0.14430000000000043	-1.075889267203324
0.14440000000000042	-1.1762510435388007
0.14450000000000041	-1.275717784467908
0.14460000000000039	-1.3741525585475889
0.14470000000000038	-1.471419130162702
0.14480000000000037	-1.5673821495267093
0.14490000000000036	-1.6619073421875896
0.14500000000000035	-1.7548616977724627
0.14510000000000034	-1.8461136577049289
0.14520000000000033	-1.9355333016293916
0.14530000000000032	-2.0229925322783213
0.14540000000000031	-2.1083652585189538
0.1455000000000003	-2.1915275763189905
0.14560000000000028	-2.2723579473718707
0.14570000000000027	-2.3507373751253011
0.14580000000000026	-2.4265495779601016
0.14590000000000025	-2.4996811592686061
0.14600000000000024	-2.5700217741863041
0.14610000000000023	-2.6374642927349665
0.14620000000000022	-2.7019049591379871
0.14630000000000021	-2.7632435470756502
0.1464000000000002	-2.8213835106511111
0.14650000000000019	-2.8762321308449863
0.14660000000000017	-2.927700657240472
0.14670000000000016	-2.9757044448083261
0.14680000000000015	-3.0201630855466091
0.14690000000000014	-3.0610005347768956
0.14700000000000013	-3.098145231905534
0.14710000000000012	-3.1315302154661135
0.14720000000000011	-3.161093232266174
0.1473000000000001	-3.1867768404692227
0.14740000000000009	-3.2085285064517342
0.14750000000000008	-3.2263006952812994
0.14760000000000006	-3.2400509546732166
0.14770000000000005	-3.2497419922886177
0.14780000000000004	-3.2553417462485821
0.14790000000000003	-3.2568234487461414
0.14800000000000002	-3.2541656826483072
0.14810000000000001	-3.247352430988915
0.1482	-3.2363731192639884
0.14829999999999999	-3.2212226504490498
0.14839999999999998	-3.2019014326700108
0.14849999999999997	-3.1784153994676427
0.14859999999999995	-3.150776022606101
0.14869999999999994	-3.1190003173866505
0.14879999999999993	-3.0831108404376342
0.14889999999999992	-3.0431356799621914
0.14899999999999991	-2.9991084384351869
0.1490999999999999	-2.951068207752499
0.14919999999999989	-2.8990595368440544
0.14929999999999988	-2.8431323917753435
0.14939999999999987	-2.7833421083695526
0.14949999999999986	-2.7197493373954269
0.14959999999999984	-2.6524199823743917
0.14969999999999983	-2.5814251300725828
0.14979999999999982	-2.5068409737515203
0.14989999999999981	-2.4287487292638521
0.1499999999999998	-2.3472345440882036
0.15009999999999979	-2.2623893994088782
0.15019999999999978	-2.1743090053556648
0.15029999999999977	-2.0830936895274594
0.15039999999999976	-1.9888482789349502
0.15049999999999975	-1.8916819755048462
0.15059999999999973	-1.7917082252998369
0.15069999999999972	-1.6890445816147601
0.15079999999999971	-1.5838125621199117
0.1508999999999997	-1.4761375002309296
0.15099999999999969	-1.3661483908927021
0.15109999999999968	-1.2539777309722053
0.15119999999999967	-1.1397613544646985
0.15129999999999966	-1.0236382627234712
0.15139999999999965	-0.90575044993182541
0.15149999999999963	-0.78624272404242013
0.15159999999999962	-0.66526252341632242
0.15169999999999961	-0.54295972939961001
0.1517999999999996	-0.41948647508308878
0.15189999999999959	-0.2949969504938883
0.15199999999999958	-0.16964720447636666
0.15209999999999957	-0.043594943521900492
0.15219999999999956	0.083000672186404847
0.15229999999999955	0.20997923524404694
0.15239999999999954	0.33717929973680005
0.15249999999999952	0.46443859191591297
0.15259999999999951	0.59159422255622751
0.1526999999999995	0.71848290071284915
0.15279999999999949	0.84494114859112279
0.15289999999999948	0.97080551724025077
0.15299999999999947	1.0959128027815856
0.15309999999999946	1.2201002628795345
0.15319999999999945	1.3432058331626668
0.15329999999999944	1.4650683433023675
0.15339999999999943	1.5855277324562771
0.15349999999999941	1.7044252637828936
0.1535999999999994	1.8216037377362708
0.15369999999999939	1.9369077038489926
0.15379999999999938	2.0501836707147465
0.15389999999999937	2.1612803138820333
0.15399999999999936	2.2700486813742575
0.15409999999999935	2.3763423965533761
0.15419999999999934	2.4800178580473999
0.15429999999999933	2.5809344364658235
0.15439999999999932	2.6789546676304901
0.1544999999999993	2.7739444420539225
0.15459999999999929	2.8657731904017543
0.15469999999999928	2.9543140646804473
0.15479999999999927	3.039444114897611
0.15489999999999926	3.1210444609466954
0.15499999999999925	3.1990004594756232
0.15509999999999924	3.2732018655031219
0.15519999999999923	3.3435429885552517
0.15529999999999922	3.4099228431003605
0.15539999999999921	3.4722452930685743
0.15549999999999919	3.5304191902495385
0.15559999999999918	3.5843585063695427
0.15569999999999917	3.6339824586583722
0.15579999999999916	3.6792156287240294
0.15589999999999915	3.7199880745621283
0.15599999999999914	3.7562354355361727
0.15609999999999913	3.7878990301741204
0.15619999999999912	3.8149259466359311
0.15629999999999911	3.8372691257163942
0.1563999999999991	3.8548874362579646
0.15649999999999908	3.8677457428573292
0.15659999999999907	3.8758149657614194
0.15669999999999906	3.8790721328568001
0.15679999999999905	3.8775004236684163
0.15689999999999904	3.8710892052948447
0.15699999999999903	3.8598340602153494
0.15709999999999902	3.8437368059183981
0.15719999999999901	3.8228055063094892
0.157299999999999	3.7970544748687596
0.15739999999999899	3.7665042695393929
0.15749999999999897	3.7311816793389987
0.15759999999999896	3.6911197026970703
0.15769999999999895	3.6463575175340726
0.15779999999999894	3.5969404431063605
0.15789999999999893	3.5429198936559323
0.15799999999999892	3.4843533239107924
0.15809999999999891	3.4213041664970287
0.1581999999999989	3.3538417613312874
0.15829999999999889	3.2820412770757588
0.15839999999999888	3.2059836247467386
0.15849999999999886	3.1257553635800317
0.15859999999999885	3.0414485992659555
0.15869999999999884	2.9531608746777089
0.15879999999999883	2.8609950532274149
0.15889999999999882	2.7650591949927756
0.15899999999999881	2.6654664257704126
0.1590999999999988	2.5623347992174073
0.15919999999999879	2.4557871522556316
0.15929999999999878	2.3459509539215486
0.15939999999999876	2.2329581478523233
0.15949999999999875	2.1169449886097924
0.15959999999999874	1.9980518720504865
0.15969999999999873	1.8764231599596461
0.15979999999999872	1.7522069991743263
0.15989999999999871	1.6255551354289572
0.1599999999999987	1.496622722163248
0.16009999999999869	1.3655681245410176
0.16019999999999868	1.2325527189331775
0.16029999999999867	1.0977406881260976
0.16039999999999865	0.96129881252268246
0.16049999999999864	0.82339625760747903
0.16059999999999863	0.68420435795488854
0.16069999999999862	0.54389639806250856
0.16079999999999861	0.40264739029757773
0.1608999999999986	0.26063385024789271
0.16099999999999859	0.11803356977276845
0.16109999999999858	-0.02497461194675947
0.16119999999999857	-0.16821103905709264
0.16129999999999856	-0.3114954710755769
0.16139999999999854	-0.45464731602137343
0.16149999999999853	-0.59748586432584627
0.16159999999999852	-0.73983052321175935
0.16169999999999851	-0.88150105123061906
0.1617999999999985	-1.0223177926468034
0.16189999999999849	-1.1621019113566551
0.16199999999999848	-1.3006756240313246
0.16209999999999847	-1.4378624321727536
0.16219999999999846	-1.5734873527734488
0.16229999999999845	-1.7073771472718478
0.16239999999999843	-1.8393605484978655
0.16249999999999842	-1.9692684853045357
0.16259999999999841	-2.0969343045855946
0.1626999999999984	-2.2221939903809695
0.16279999999999839	-2.3448863797767503
0.16289999999999838	-2.4648533753095019
0.16299999999999837	-2.5819401535896662
0.16309999999999836	-2.6959953698631742
0.16319999999999835	-2.806871358236088
0.16329999999999834	-2.9144243272923864
0.16339999999999832	-3.0185145508405578
0.16349999999999831	-3.119006553531888
0.1635999999999983	-3.2157692910990638
0.16369999999999829	-3.3086763249713349
0.16379999999999828	-3.3976059910291041
0.16389999999999827	-3.482441562269678
0.16399999999999826	-3.5630714051623724
0.16409999999999825	-3.6393891294803686
0.16419999999999824	-3.71129373140562
0.16429999999999823	-3.7786897297105009
0.16439999999999821	-3.8414872948308298
0.1644999999999982	-3.8996023706526821
0.16459999999999819	-3.9529567888462083
0.16469999999999818	-4.0014783755886221
0.16479999999999817	-4.0451010505294889
0.16489999999999816	-4.0837649178605187
0.16499999999999815	-4.117416349364257
0.16509999999999814	-4.1460080593244184
0.16519999999999813	-4.1694991711938858
0.16529999999999812	-4.187855275925636
0.1653999999999981	-4.2010484818831531
0.16549999999999809	-4.2090574562590239
0.16559999999999808	-4.2118674579407021
0.16569999999999807	-4.2094703617742537
0.16579999999999806	-4.2018646741885366
0.16589999999999805	-4.18905554015336
0.16599999999999804	-4.1710547414571115
0.16609999999999803	-4.147880686300601
0.16619999999999802	-4.1195583902160475
0.166299999999998	-4.0861194483305381
0.16639999999999799	-4.0476019990069947
0.16649999999999798	-4.0040506789043038
0.16659999999999797	-3.9555165695126586
0.16669999999999796	-3.9020571352295446
0.16679999999999795	-3.8437361530537482
0.16689999999999794	-3.7806236339869663
0.16699999999999793	-3.7127957362416475
0.16709999999999792	-3.6403346703667481
0.16719999999999791	-3.5633285964127404
0.16729999999999789	-3.4818715132679343
0.16739999999999788	-3.396063140309832
0.16749999999999787	-3.3060087915233081
0.16759999999999786	-3.2118192422502392
0.16769999999999785	-3.1136105887428243
0.16779999999999784	-3.0115041007037475
0.16789999999999783	-2.9056260670056031
0.16799999999999782	-2.7961076347908218
0.16809999999999781	-2.6830846421623162
0.1681999999999978	-2.5666974446840962
0.16829999999999778	-2.4470907359187422
0.16839999999999777	-2.3244133622375274
0.16849999999999776	-2.1988181321458193
0.16859999999999775	-2.070461620374171
0.16869999999999774	-1.9395039669925505
0.16879999999999773	-1.8061086718124419
0.16889999999999772	-1.6704423843458518
0.16899999999999771	-1.5326746895994965
0.1690999999999977	-1.3929778899849432
0.16919999999999769	-1.2515267836324726
0.16929999999999767	-1.1084984394009523
0.16939999999999766	-0.96407196887994773
0.16949999999999765	-0.8184282956853739
0.16959999999999764	-0.67174992235225395
0.16969999999999763	-0.52422069513296021
0.16979999999999762	-0.3760255670104718
0.16989999999999761	-0.22735035924061525
0.1699999999999976	-0.078381521736553939
0.17009999999999759	0.070694107386524582
0.17019999999999758	0.21968954278980479
0.17029999999999756	0.36841789309435963
0.17039999999999755	0.51669260195038269
0.17049999999999754	0.66432768867470016
0.17059999999999753	0.81113798813795601
0.17069999999999752	0.95693938958526237
0.17079999999999751	1.1015490740744514
0.1708999999999975	1.2447857502188742
0.17099999999999749	1.3864698879229302
0.17109999999999748	1.526423949802489
0.17119999999999747	1.6644726199835256
0.17129999999999745	1.8004430299787166
0.17139999999999744	1.9341649813422759
0.17149999999999743	2.0654711648105208
0.17159999999999742	2.1941973756385673
0.17169999999999741	2.3201827248494284
0.1717999999999974	2.4432698461170754
0.17189999999999739	2.5633050980114747
0.17199999999999738	2.680138761337985
0.17209999999999737	2.7936252313129692
0.17219999999999736	2.9036232043219514
0.17229999999999734	3.0099958590145333
0.17239999999999733	3.112611031499394
0.17249999999999732	3.2113413844077927
0.17259999999999731	3.3060645696053697
0.1726999999999973	3.3966633843377427
0.17279999999999729	3.4830259206064964
0.17289999999999728	3.5650457075793844
0.17299999999999727	3.642621846849786
0.17309999999999726	3.7156591403676074
0.17319999999999725	3.7840682108767298
0.17329999999999723	3.8477656147013186
0.17339999999999722	3.9066739467348968
0.17349999999999721	3.9607219374972886
0.1735999999999972	4.0098445421326891
0.17369999999999719	4.0539830212366228
0.17379999999999718	4.0930850134058518
0.17389999999999717	4.1271045994215605
0.17399999999999716	4.1560023579822811
0.17409999999999715	4.1797454129188472
0.17419999999999713	4.1983074718312157
0.17429999999999712	4.2116688561013689
0.17439999999999711	4.2198165222468695
0.1744999999999971	4.2227440745900378
0.17459999999999709	4.2204517692324428
0.17469999999999708	4.2129465093322098
0.17479999999999707	4.2002418316968164
0.17489999999999706	4.1823578847122658
0.17499999999999705	4.1593213976449066
0.17509999999999704	4.1311656413592166
0.17519999999999702	4.0979303805104665
0.17529999999999701	4.0596618172802978
0.175399999999997	4.0164125267337738
0.17549999999999699	3.96824138389097
0.17559999999999698	3.9152134826122693
0.17569999999999697	3.8574000464130602
0.17579999999999696	3.7948783313283849
0.17589999999999695	3.7277315209642179
0.17599999999999694	3.6560486138772776
0.17609999999999693	3.5799243034403614
0.17619999999999691	3.4994588503550728
0.1762999999999969	3.414757947988539
0.17639999999999689	3.325932580716358
0.17649999999999688	3.2330988754644672
0.17659999999999687	3.1363779466532047
0.17669999999999686	3.0358957347520774
0.17679999999999685	2.9317828386665412
0.17689999999999684	2.8241743421808096
0.17699999999999683	2.7132096346946666
0.17709999999999682	2.5990322264935934
0.1771999999999968	2.4817895588039223
0.17729999999999679	2.3616328088872325
0.17739999999999678	2.2387166904377516
0.17749999999999677	2.1131992495512399
0.17759999999999676	1.9852416565387445
0.17769999999999675	1.8550079938663355
0.17779999999999674	1.7226650405040573
0.17789999999999673	1.5883820529742991
0.17799999999999672	1.4523305433920373
0.17809999999999671	1.3146840547950038
0.17819999999999669	1.1756179340631847
0.17829999999999668	1.0353091027320527
0.17839999999999667	0.89393582600458021
0.17849999999999666	0.75167748027114512
0.17859999999999665	0.60871431944607168
0.17869999999999664	0.46522724043251307
0.17879999999999663	0.32139754802767023
0.17889999999999662	0.17740671958036364
0.17899999999999661	0.033436169713737064
0.1790999999999966	-0.11033298457513437
0.17919999999999658	-0.25372015812728366
0.17929999999999657	-0.39654553083580274
0.17939999999999656	-0.5386302795533171
0.17949999999999655	-0.67979680838653789
0.17959999999999654	-0.81986897707451156
0.17969999999999653	-0.95867232714952333
0.17979999999999652	-1.0960343055829072
0.17989999999999651	-1.2317844856223157
0.1799999999999965	-1.3657547845303029
0.18009999999999649	-1.4977796779391703
0.18019999999999647	-1.6276964105413185
0.18029999999999646	-1.7553452028406371
0.18039999999999645	-1.880569453694179
0.18049999999999644	-2.0032159383817687
0.18059999999999643	-2.1231350019452728
0.18069999999999642	-2.2401807475470474
0.18079999999999641	-2.3542112196046463
0.1808999999999964	-2.4650885814640051
0.18099999999999639	-2.5726792873840436
0.18109999999999637	-2.6768542486100158
0.18119999999999636	-2.7774889933250155
0.18129999999999635	-2.8744638202734629
0.18139999999999634	-2.96766394586309
0.18149999999999633	-3.0569796445575603
0.18159999999999632	-3.1423063823836013
0.18169999999999631	-3.2235449433851198
0.1817999999999963	-3.3006015488649072
0.18189999999999629	-3.3733879692686477
0.18199999999999628	-3.4418216285702417
0.18209999999999626	-3.5058257010335931
0.18219999999999625	-3.565329200231433
0.18229999999999624	-3.6202670602165403
0.18239999999999623	-3.67058020874738
0.18249999999999622	-3.7162156324853979
0.18259999999999621	-3.7571264340875281
0.1826999999999962	-3.7932718811324548
0.18279999999999619	-3.8246174468282637
0.18289999999999618	-3.8511348424592553
0.18299999999999617	-3.8728020415448099
0.18309999999999615	-3.8896032956885684
0.18319999999999614	-3.9015291421142155
0.18329999999999613	-3.908576402887928
0.18339999999999612	-3.9107481758467304
0.18349999999999611	-3.9080538172550727
0.1835999999999961	-3.9005089162305815
0.18369999999999609	-3.8881352609845106
0.18379999999999608	-3.8709607969384696
0.18389999999999607	-3.8490195767868407
0.18399999999999606	-3.8223517025851637
0.18409999999999604	-3.7910032599582846
0.18419999999999603	-3.7550262445278926
0.18429999999999602	-3.7144784806744484
0.18439999999999601	-3.6694235327537292
0.184499999999996	-3.6199306089032572
0.18459999999999599	-3.5660744575786847
0.18469999999999598	-3.507935256974001
0.18479999999999597	-3.4455984974862166
0.18489999999999596	-3.3791548573946844
0.18499999999999595	-3.3087000719360775
0.18509999999999593	-3.23433479596076
0.18519999999999592	-3.1561644603695838
0.18529999999999591	-3.0742991225333514
0.1853999999999959	-2.9888533109091964
0.18549999999999589	-2.8999458640718285
0.18559999999999588	-2.8076997643886004
0.18569999999999587	-2.7122419665704665
0.18579999999999586	-2.6137032213400619
0.18589999999999585	-2.512217894464023
0.18599999999999584	-2.4079237814001919
0.18609999999999582	-2.3009619178197149
0.18619999999999581	-2.1914763862649878
0.1862999999999958	-2.0796141192133022
0.18639999999999579	-1.9655246988162731
0.18649999999999578	-1.8493601535927362
0.18659999999999577	-1.731274752354182
0.18669999999999576	-1.6114247956459713
0.18679999999999575	-1.489968404989845
0.18689999999999574	-1.3670653102165722
0.18699999999999573	-1.2428766351787357
0.18709999999999571	-1.1175646821354044
0.1871999999999957	-0.99129271510250816
0.18729999999999569	-0.86422474246251824
0.18739999999999568	-0.73652529912801423
0.18749999999999567	-0.60835922855389901
0.18759999999999566	-0.47989146489211804
0.18769999999999565	-0.35128681558238767
0.18779999999999564	-0.22270974467118115
0.18789999999999563	-0.094324157149597493
0.18799999999999562	0.03370681540143295
0.1880999999999956	0.16122102757199458
0.18819999999999559	0.28805753100676873
0.18829999999999558	0.41405678313099498
0.18839999999999557	0.53906085344163868
0.18849999999999556	0.66291362709124291
0.18859999999999555	0.78546100549501974
0.18869999999999554	0.90655110369795422
0.18879999999999553	1.0260344442421949
0.18889999999999552	1.1437641472807742
0.1889999999999955	1.2595961166902792
0.18909999999999549	1.3733892219392903
0.18919999999999548	1.4850054754779038
0.18929999999999547	1.5943102054175899
0.18939999999999546	1.7011722232810473
0.18949999999999545	1.8054639866050048
0.18959999999999544	1.9070617561900338
0.18969999999999543	2.0058457477963918
0.18979999999999542	2.1017002780950418
0.18989999999999541	2.194513904689841
0.18999999999999539	2.284179560035966
0.19009999999999538	2.3705946790892161
0.19019999999999537	2.4536613205274107
0.19029999999999536	2.5332862813976478
0.19039999999999535	2.6093812050490359
0.19049999999999534	2.6818626822234024
0.19059999999999533	2.7506523451823659
0.19069999999999532	2.815676954763584
0.19079999999999531	2.8768684802640423
0.1908999999999953	2.9341641720628187
0.19099999999999528	2.9875066269021064
0.19109999999999527	3.0368438457584603
0.19119999999999526	3.0821292842454353
0.19129999999999525	3.1233218954978548
0.19139999999999524	3.160386165501694
0.19149999999999523	3.1932921408401285
0.19159999999999522	3.2220154488406618
0.19169999999999521	3.2465373101145567
0.1917999999999952	3.2668445434952877
0.19189999999999519	3.2829295633874103
0.19199999999999517	3.29479036955395
0.19209999999999516	3.3024305293743335
0.19219999999999515	3.3058591526210024
0.19229999999999514	3.305090858809216
0.19239999999999513	3.300145737185376
0.19249999999999512	3.2910492994315059
0.19259999999999511	3.2778324251693136
0.1926999999999951	3.2605313003615577
0.19279999999999509	3.2391873487135312
0.19289999999999508	3.2138471561914224
0.19299999999999506	3.1845623887786725
0.19309999999999505	3.151389703605664
0.19319999999999504	3.1143906535916659
0.19329999999999503	3.0736315857516439
0.19339999999999502	3.0291835333247987
0.19349999999999501	2.9811221018916862
0.193599999999995	2.9295273496559546
0.19369999999999499	2.8744836620706922
0.19379999999999498	2.8160796210013266
0.19389999999999497	2.7544078686195235
0.19399999999999495	2.6895649662339784
0.19409999999999494	2.6216512482656564
0.19419999999999493	2.5507706715856999
0.19429999999999492	2.4770306604370034
0.19439999999999491	2.400541947167107
0.1944999999999949	2.3214184090059891
0.19459999999999489	2.2397769011253681
0.19469999999999488	2.1557370862230401
0.19479999999999487	2.0694212608776859
0.19489999999999486	1.980954178925002
0.19499999999999484	1.8904628721088479
0.19509999999999483	1.798076468264274
0.19519999999999482	1.703926007292107
0.19529999999999481	1.6081442551869485
0.1953999999999948	1.5108655163830826
0.19549999999999479	1.4122254446833755
0.19559999999999478	1.3123608530385675
0.19569999999999477	1.2114095224443688
0.19579999999999476	1.1095100102251507
0.19589999999999475	1.0068014579719533
0.19599999999999473	0.9034233994036619
0.19609999999999472	0.79951556841845195
0.19619999999999471	0.69521770760208401
0.1962999999999947	0.59066937745842663
0.19639999999999469	0.48600976662514794
0.19649999999999468	0.38137750333630704
0.19659999999999467	0.27691046839029188
0.19669999999999466	0.17274560987927778
0.19679999999999465	0.069018759932797505
0.19689999999999463	-0.034135546275374823
0.19699999999999462	-0.13658424901133279
0.19709999999999461	-0.23819593971571074
0.1971999999999946	-0.3388410337516497
0.19729999999999459	-0.43839193993506642
0.19739999999999458	-0.53672322661990646
0.19749999999999457	-0.63371178411826778
0.19759999999999456	-0.72923698323979602
0.19769999999999455	-0.82318082974091666
0.19779999999999454	-0.91542811448199202
0.19789999999999452	-1.005866559095274
0.19799999999999451	-1.0943869569757352
0.1980999999999945	-1.180883309411213
0.19819999999999449	-1.2652529566789559
0.19829999999999448	-1.3473967039396502
0.19839999999999447	-1.4272189417715324
0.19849999999999446	-1.504627761192574
0.19859999999999445	-1.5795350630273057
0.19869999999999444	-1.6518566614854808
0.19879999999999443	-1.7215123818247065
0.19889999999999441	-1.7884261519819669
0.1989999999999944	-1.8525260880636554
0.19909999999999439	-1.9137445735974914
0.19919999999999438	-1.9720183324533433
0.19929999999999437	-2.0272884953554757
0.19939999999999436	-2.0795006599114161
0.19949999999999435	-2.1286049440982913
0.19959999999999434	-2.1745560331528431
0.19969999999999433	-2.217313219821496
0.19979999999999432	-2.2568404379391711
0.1998999999999943	-2.2931062893104586
0.19999999999999429	-2.3260840638817224
