Time	V2
0.0001	1.8797754683335715
0.00020000000000000001	3.7725172195213474
0.00030000000000000003	5.6815918049383942
0.00040000000000000002	7.6057073798553443
0.00050000000000000001	9.5435507254737253
0.00060000000000000006	11.49378911508173
0.0007000000000000001	13.455072207931803
0.00080000000000000015	15.426033968148726
0.00090000000000000019	17.405294605941346
0.0010000000000000002	19.391462538359367
0.0011000000000000003	21.383136366808884
0.0012000000000000003	23.378906868516442
0.0013000000000000004	25.377358999111728
0.0014000000000000004	27.377073903483044
0.0015000000000000005	29.376630932048055
0.0016000000000000005	31.374609659574585
0.0017000000000000006	33.369591903682597
0.0018000000000000006	35.360163740158974
0.0019000000000000006	37.344917512221137
0.0020000000000000005	39.32245383087443
0.0021000000000000003	41.291383563520405
0.0022000000000000001	43.250329807990276
0.0023	45.197929849198253
0.0023999999999999998	47.132837095634223
0.0024999999999999996	49.053722992943982
0.0025999999999999994	50.959278911877654
0.0026999999999999993	52.848218007923478
0.0027999999999999991	54.719277049984285
0.0028999999999999989	56.571218215497971
0.0029999999999999988	58.402830849451121
0.0030999999999999986	60.212933184786024
0.0031999999999999984	62.000374021756329
0.0032999999999999982	63.764034363844864
0.0033999999999999981	65.502829007918933
0.0034999999999999979	67.215708086363321
0.0035999999999999977	68.901658558999671
0.0036999999999999976	70.559705652671965
0.0037999999999999974	72.188914246452526
0.0038999999999999972	73.788390200500046
0.0039999999999999975	75.3572816266812
0.0040999999999999977	76.89478009915031
0.004199999999999998	78.400121803166726
0.0042999999999999983	79.872588620517334
0.0043999999999999985	81.311509150001839
0.0044999999999999988	82.716259661530628
0.0045999999999999991	84.086264982479364
0.0046999999999999993	85.420999315040731
0.0047999999999999996	86.719986983411886
0.0048999999999999998	87.982803109755821
0.0050000000000000001	89.209074217975996
0.0051000000000000004	90.398478764446352
0.0052000000000000006	91.550747594942365
0.0053000000000000009	92.665664327123906
0.0054000000000000012	93.743065658026467
0.0055000000000000014	94.782841596123532
0.0056000000000000017	95.784935617630552
0.0057000000000000019	96.749344746828399
0.0058000000000000022	97.676119560291966
0.0059000000000000025	98.565364115018113
0.0060000000000000027	99.417235800554991
0.006100000000000003	100.23194511534284
0.0062000000000000033	101.00975536758423
0.0063000000000000035	101.7509823010687
0.0064000000000000038	102.45599364648353
0.006500000000000004	103.12520859884833
0.0066000000000000043	103.75909722181595
0.0067000000000000046	104.35817977968631
0.0068000000000000048	104.92302599808242
0.0069000000000000051	105.45425425433906
0.0070000000000000053	105.95253069875471
0.0071000000000000056	106.4185683079556
0.0072000000000000059	106.85312587171681
0.0073000000000000061	107.2570069146806
0.0074000000000000064	107.63105855450385
0.0075000000000000067	107.97617029805751
0.0076000000000000069	108.29327277738869
0.0077000000000000072	108.58333642724165
0.0078000000000000074	108.84737010601681
0.0079000000000000077	109.08641966212784
0.0080000000000000071	109.30156644779383
0.0081000000000000065	109.4939257823786
0.0082000000000000059	109.66464536746081
0.0083000000000000053	109.81490365588732
0.0084000000000000047	109.94590817712715
0.0085000000000000041	110.05889382130604
0.0086000000000000035	110.15512108435999
0.0087000000000000029	110.23587427680155
0.0088000000000000023	110.30245969864438
0.0089000000000000017	110.35620378307939
0.0090000000000000011	110.39845121154062
0.0091000000000000004	110.43056300283931
0.0091999999999999998	110.45391457908173
0.0092999999999999992	110.46989381111906
0.0093999999999999986	110.47989904630707
0.009499999999999998	110.48533712137788
0.0095999999999999974	110.48762136324807
0.0096999999999999968	110.4881695806038
0.0097999999999999962	110.48840204911701
0.0098999999999999956	110.48973949315605
0.009999999999999995	110.49360106685859
0.010099999999999994	110.50140233743589
0.010199999999999994	110.51455327357441
0.010299999999999993	110.53445624179312
0.010399999999999993	110.56250401360396
0.010499999999999992	110.60007778630725
0.010599999999999991	110.64854522023482
0.010699999999999991	110.70925849522978
0.01079999999999999	110.78355238912503
0.01089999999999999	110.87274238095091
0.010999999999999989	110.97812278156745
0.011099999999999988	111.10096489437794
0.011199999999999988	111.24251520873712
0.011299999999999987	111.40399362862162
0.011399999999999987	111.58659173907971
0.011499999999999986	111.79147111292369
0.011599999999999985	112.0197616600714
0.011699999999999985	112.27256002188237
0.011799999999999984	112.55092801277047
0.011899999999999984	112.8558911113075
0.011999999999999983	113.18843700296202
0.012099999999999982	113.54951417654428
0.012199999999999982	113.94003057635176
0.012299999999999981	114.36085231193054
0.01239999999999998	114.81280242728631
0.01249999999999998	115.29665973129381
0.012599999999999979	115.81315769096676
0.012699999999999979	116.36298338916113
0.012799999999999978	116.94677654819279
0.012899999999999977	117.56512862075709
0.012999999999999977	118.21858194944227
0.013099999999999976	118.90762899603087
0.013199999999999976	119.63271164168466
0.013299999999999975	120.39422055900735
0.013399999999999974	121.19249465687736
0.013499999999999974	122.02782059883981
0.013599999999999973	122.90043239574194
0.013699999999999973	123.81051107319091
0.013799999999999972	124.75818441430644
0.013899999999999971	125.74352677813405
0.013999999999999971	126.76655899397682
0.01409999999999997	127.82724833179572
0.01419999999999997	128.92550854872084
0.014299999999999969	130.06120001160727
0.014399999999999968	131.23412989546136
0.014499999999999968	132.44405245745565
0.014599999999999967	133.69066938614284
0.014699999999999967	134.97363022537269
0.014799999999999966	136.29253287230932
0.014899999999999965	137.64692414884146
0.014999999999999965	139.03630044557332
0.015099999999999964	140.46010843748101
0.015199999999999964	141.91774587021777
0.015299999999999963	143.40856241595029
0.015399999999999962	144.93186059751017
0.015499999999999962	146.48689677954715
0.015599999999999961	148.07288222527563
0.015699999999999961	149.68898421731282
0.01579999999999996	151.33432724101564
0.015899999999999959	153.007994228635
0.015999999999999959	154.70902786251926
0.016099999999999958	156.43643193551495
0.016199999999999957	158.18917276663157
0.016299999999999957	159.96618066995904
0.016399999999999956	161.76635147474983
0.016499999999999956	163.58854809450588
0.016599999999999955	165.43160214284089
0.016699999999999954	167.29431559382127
0.016799999999999954	169.1754624844265
0.016899999999999953	171.07379065670972
0.016999999999999953	172.98802353718264
0.017099999999999952	174.91686195089639
0.017199999999999951	176.85898596764011
0.017299999999999951	178.81305677763407
0.01739999999999995	180.77771859405166
0.01749999999999995	182.75160057966661
0.017599999999999949	184.73331879488771
0.017699999999999948	186.72147816441262
0.017799999999999948	188.71467445970632
0.017899999999999947	190.71149629448672
0.017999999999999947	192.71052713038171
0.018099999999999946	194.71034728990762
0.018199999999999945	196.7095359739088
0.018299999999999945	198.70667328059088
0.018399999999999944	200.70034222327885
0.018499999999999944	202.68913074403278
0.018599999999999943	204.67163372025934
0.018699999999999942	206.6464549614679
0.018799999999999942	208.6122091933336
0.018899999999999941	210.56752402624801
0.018999999999999941	212.51104190555992
0.01909999999999994	214.44142204073466
0.019199999999999939	216.3573423106908
0.019299999999999939	218.25750114260663
0.019399999999999938	220.1406193615264
0.019499999999999938	222.00544200813783
0.019599999999999937	223.85074012213801
0.019699999999999936	225.67531248865322
0.019799999999999936	227.47798734523101
0.019899999999999935	229.25762404697878
0.019999999999999934	231.01311468748253
0.020099999999999934	232.74338567320257
0.020199999999999933	234.44739924910863
0.020299999999999933	236.12415497338651
0.020399999999999932	237.77269113912072
0.020499999999999931	239.39208614093266
0.020599999999999931	240.98145978463219
0.02069999999999993	242.5399745380218
0.02079999999999993	244.06683672107562
0.020899999999999929	245.56129763380224
0.020999999999999928	247.0226546201884
0.021099999999999928	248.45025206671156
0.021199999999999927	249.84348233400252
0.021299999999999927	251.20178662033436
0.021399999999999926	252.52465575571023
0.021499999999999925	253.81163092542175
0.021599999999999925	255.06230432204984
0.021699999999999924	256.27631972498131
0.021799999999999924	257.45337300661788
0.021899999999999923	258.59321256455826
0.021999999999999922	259.69563967913871
0.022099999999999922	260.76050879582482
0.022199999999999921	261.78772773205219
0.022299999999999921	262.777257808223
0.02239999999999992	263.72911390267194
0.022499999999999919	264.64336443052315
0.022599999999999919	265.52013124646868
0.022699999999999918	266.35958947160628
0.022799999999999918	267.16196724458263
0.022899999999999917	267.92754539739593
0.022999999999999916	268.65665705631847
0.023099999999999916	269.34968716850557
0.023199999999999915	270.00707195496477
0.023299999999999915	270.62929829066206
0.023399999999999914	271.21690301264579
0.023499999999999913	271.7704721571717
0.023599999999999913	272.29064012691362
0.023699999999999912	272.77808878944245
0.023799999999999912	273.2335465082549
0.023899999999999911	273.65778710772929
0.02399999999999991	274.05162877347863
0.02409999999999991	274.41593288966413
0.024199999999999909	274.75160281492117
0.024299999999999908	275.05958259863735
0.024399999999999908	275.34085563940664
0.024499999999999907	275.59644328756593
0.024599999999999907	275.82740339380052
0.024699999999999906	276.03482880588041
0.024799999999999905	276.21984581566386
0.024899999999999905	276.38361255857484
0.024999999999999904	276.52731736782931
0.025099999999999904	276.65217708574886
0.025199999999999903	276.75943533456092
0.025299999999999902	276.8503607491437
0.025399999999999902	276.92624517422661
0.025499999999999901	276.98840182860812
0.025599999999999901	277.03816343900002
0.0256999999999999	277.07688034614989
0.025799999999999899	277.10591858593301
0.025899999999999899	277.12665794814041
0.025999999999999898	277.14049001572238
0.026099999999999898	277.14881618727293
0.026199999999999897	277.15304568556547
0.026299999999999896	277.15459355497029
0.026399999999999896	277.15487865059907
0.026499999999999895	277.15532162203419
0.026599999999999895	277.15734289450785
0.026699999999999894	277.16236065040005
0.026799999999999893	277.17178881392391
0.026899999999999893	277.18703504186203
0.026999999999999892	277.20949872320904
0.027099999999999892	277.24056899056336
0.027199999999999891	277.28162274609383
0.02729999999999989	277.33402270488619
0.02739999999999989	277.39911545845052
0.027499999999999889	277.47822956114112
0.027599999999999889	277.57267364220786
0.027699999999999888	277.68373454616244
0.027799999999999887	277.81267550410206
0.027899999999999887	277.96073433858879
0.027999999999999886	278.12912170463613
0.028099999999999885	278.31901936930177
0.028199999999999885	278.53157853233199
0.028299999999999884	278.76791819024402
0.028399999999999884	279.02912354617052
0.028499999999999883	279.31624446772673
0.028599999999999882	279.63029399509099
0.028699999999999882	279.97224690141928
0.028799999999999881	280.34303830763929
0.028899999999999881	280.74356235359232
0.02899999999999988	281.17467092741174
0.029099999999999879	281.63717245494325
0.029199999999999879	282.13183075092752
0.029299999999999878	282.65936393357759
0.029399999999999878	283.22044340409371
0.029499999999999877	283.81569289256549
0.029599999999999876	284.44568757161738
0.029699999999999876	285.11095323905676
0.029799999999999875	285.81196557068631
0.029899999999999875	286.54914944434302
0.029999999999999874	287.32287833612349
0.030099999999999873	288.13347378965386
0.030199999999999873	288.98120495915862
0.030299999999999872	289.86628822697776
0.030399999999999872	290.78888689607584
0.030499999999999871	291.74911095797944
0.03059999999999987	292.74701693647313
0.03069999999999987	293.78260780727607
0.030799999999999869	294.85583299381329
0.030899999999999869	295.9665884390879
0.030999999999999868	297.1147167535517
0.031099999999999867	298.30000743876457
0.031199999999999867	299.52219718652395
0.03129999999999987	300.78097025304021
0.031399999999999872	302.07595890762605
0.031499999999999875	303.40674395526196
0.031599999999999878	304.77285533229508
0.031699999999999881	306.17377277442546
0.031799999999999884	307.60892655603004
0.031899999999999887	309.07769829977406
0.03199999999999989	310.57942185535904
0.032099999999999893	312.11338424615877
0.032199999999999895	313.67882668239821
0.032299999999999898	315.27494563943509
0.032399999999999901	316.90089399961244
0.032499999999999904	318.55578225605939
0.032599999999999907	320.23867977672882
0.03269999999999991	321.94861612687646
0.032799999999999913	323.68458244810193
0.032899999999999915	325.44553289199149
0.032999999999999918	327.23038610632602
0.033099999999999921	329.03802677174178
0.033199999999999924	330.86730718666007
0.033299999999999927	332.71704889823405
0.03339999999999993	334.58604437699472
0.033499999999999933	336.4730587328163
0.033599999999999935	338.37683146976281
0.033699999999999938	340.29607827732167
0.033799999999999941	342.22949285547924
0.033899999999999944	344.1757487710446
0.033999999999999947	346.13350134258371
0.03409999999999995	348.10138955128537
0.034199999999999953	350.07803797504329
0.034299999999999956	352.06205874300628
0.034399999999999958	354.05205350781853
0.034499999999999961	356.04661543274796
0.034599999999999964	358.04433119087798
0.034699999999999967	360.04378297352241
0.03479999999999997	362.04355050500936
0.034899999999999973	364.04221306097048
0.034999999999999976	366.03835148726807
0.035099999999999978	368.03055021669087
0.035199999999999981	370.01739928055241
0.035299999999999984	371.99749631233374
0.035399999999999987	373.96944854052293
0.03549999999999999	375.93187476781964
0.035599999999999993	377.88340733389202
0.035699999999999996	379.82269405889696
0.035799999999999998	381.74840016500161
0.035900000000000001	383.65921017317567
0.036000000000000004	385.55382977255903
0.036100000000000007	387.4309876597485
0.03620000000000001	389.28943734538927
0.036300000000000013	391.12795892550469
0.036400000000000016	392.94536081504651
0.036500000000000019	394.74048144120246
0.036600000000000021	396.5121908940547
0.036700000000000024	398.25939253224362
0.036800000000000027	399.9810245413554
0.03690000000000003	401.67606144281825
0.037000000000000033	403.34351555116359
0.037100000000000036	404.98243837758116
0.037200000000000039	406.59192197777344
0.037300000000000041	408.17110024219437
0.037400000000000044	409.71915012683837
0.037500000000000047	411.23529282283062
0.03760000000000005	412.71879486315737
0.037700000000000053	414.16896916496273
0.037800000000000056	415.5851760059308
0.037900000000000059	416.96682393336619
0.038000000000000062	418.31337060468064
0.038100000000000064	419.6243235580917
0.038200000000000067	420.89924091243756
0.03830000000000007	422.13773199511445
0.038400000000000073	423.33945789724402
0.038500000000000076	424.50413195528114
0.038600000000000079	425.63152015837858
0.038700000000000082	426.72144148092923
0.038800000000000084	427.77376813981334
0.038900000000000087	428.78842577598539
0.03900000000000009	429.76539356014229
0.039100000000000093	430.70470422232302
0.039200000000000096	431.60644400539746
0.039300000000000099	432.47075254251064
0.039400000000000102	433.29782265865617
0.039500000000000104	434.08790009666149
0.039600000000000107	434.84128316797393
0.03970000000000011	435.55832232874377
0.039800000000000113	436.23941968180685
0.039900000000000116	436.8850284052744
0.040000000000000119	437.49565210854223
0.040100000000000122	438.07184411663422
0.040200000000000125	438.61420668389712
0.040300000000000127	439.12339013816432
0.04040000000000013	439.60009195660416
0.040500000000000133	440.04505577456689
0.040600000000000136	440.45907032883815
0.040700000000000139	440.84296833680071
0.040800000000000142	441.19762531309766
0.040900000000000145	441.52395832547808
0.041000000000000147	441.82292469159364
0.04110000000000015	442.09552061859785
0.041200000000000153	442.34277978748105
0.041300000000000156	442.56577188415338
0.041400000000000159	442.76560107936245
0.041500000000000162	442.94340445960626
0.041600000000000165	443.10035041127111
0.041700000000000167	443.23763696029062
0.04180000000000017	443.35649006968532
0.041900000000000173	443.45816189740214
0.042000000000000176	443.54392901692921
0.042100000000000179	443.61509060321549
0.042200000000000182	443.67296658647189
0.042300000000000185	443.71889577647801
0.042400000000000188	443.7542339600605
0.04250000000000019	443.78035197444569
0.042600000000000193	443.7986337592248
0.042700000000000196	443.81047438970006
0.042800000000000199	443.8172780944065
0.042900000000000202	443.82045625962633
0.043000000000000205	443.82142542373163
0.043100000000000208	443.82160526420597
0.04320000000000021	443.82241658020513
0.043300000000000213	443.82527927352345
0.043400000000000216	443.83161033083587
0.043500000000000219	443.8428218100824
0.043600000000000222	443.8603188338563
0.043700000000000225	443.88549759264822
0.043800000000000228	443.919743360783
0.043900000000000231	443.96442852786913
0.044000000000000233	444.02091064855784
0.044100000000000236	444.09053051338373
0.044200000000000239	444.17461024342822
0.044300000000000242	444.27445141151304
0.044400000000000245	444.39133319259395
0.044500000000000248	444.52651054598323
0.044600000000000251	444.68121243198379
0.044700000000000253	444.85664006546932
0.044800000000000256	445.05396520889229
0.044900000000000259	445.27432850714536
0.045000000000000262	445.51883786664246
0.045100000000000265	445.78856688092327
0.045200000000000268	446.08455330501806
0.045300000000000271	446.40779758074109
0.045400000000000273	446.75926141500781
0.045500000000000276	447.13986641319678
0.045600000000000279	447.55049276949819
0.045700000000000282	447.99197801610956
0.045800000000000285	448.4651158330567
0.045900000000000288	448.97065492033101
0.046000000000000291	449.50929793394579
0.046100000000000294	450.08170048742369
0.046200000000000296	450.68847022013381
0.046300000000000299	451.33016593380296
0.046400000000000302	452.00729679842811
0.046500000000000305	452.72032162871767
0.046600000000000308	453.46964823209066
0.046700000000000311	454.25563282916028
0.046800000000000314	455.07857954752478
0.046900000000000316	455.93873998958554
0.047000000000000319	456.83631287500617
0.047100000000000322	457.77144375832114
0.047200000000000325	458.74422482209485
0.047300000000000328	459.75469474592512
0.047400000000000331	460.80283865147732
0.047500000000000334	461.88858812362724
0.047600000000000336	463.01182130768285
0.047700000000000339	464.17236308254638
0.047800000000000342	465.36998530957112
0.047900000000000345	466.60440715675884
0.048000000000000348	467.87529549783739
0.048100000000000351	469.18226538565136
0.048200000000000354	470.52488059919324
0.048300000000000357	471.90265426349703
0.048400000000000359	473.31504954151438
0.048500000000000362	474.76148039698955
0.048600000000000365	476.24131242724866
0.048700000000000368	477.75386376472085
0.048800000000000371	479.29840604590942
0.048900000000000374	480.87416544643605
0.049000000000000377	482.48032378068774
0.049100000000000379	484.11601966450326
0.049200000000000382	485.78034973924713
0.049300000000000385	487.4723699555318
0.049400000000000388	489.19109691476342
0.049500000000000391	490.93550926660498
0.049600000000000394	492.70454916037124
0.049700000000000397	494.49712374829215
0.0498000000000004	496.3121067385095
0.049900000000000402	498.14833999559937
0.050000000000000405	500.00463518634564
0.050100000000000408	501.87977546842683
0.050200000000000411	503.77251721961545
0.050300000000000414	505.68159180503329
0.050400000000000417	507.60570737995107
0.05050000000000042	509.54355072557019
0.050600000000000422	511.4937891151788
0.050700000000000425	513.45507220802949
0.050800000000000428	515.42603396824711
0.050900000000000431	517.40529460604034
0.051000000000000434	519.39146253845888
0.051100000000000437	521.38313636690884
0.05120000000000044	523.3789068686167
0.051300000000000442	525.37735899921222
0.051400000000000445	527.37707390358378
0.051500000000000448	529.37663093214894
0.051600000000000451	531.37460965967557
0.051700000000000454	533.36959190378366
0.051800000000000457	535.36016374025996
0.05190000000000046	537.34491751232213
0.052000000000000463	539.32245383097541
0.052100000000000465	541.29138356362114
0.052200000000000468	543.25032980809078
0.052300000000000471	545.19792984929859
0.052400000000000474	547.13283709573432
0.052500000000000477	549.05372299304372
0.05260000000000048	550.95927891197698
0.052700000000000483	552.8482180080224
0.052800000000000485	554.71927705008272
0.052900000000000488	556.57121821559588
0.053000000000000491	558.40283084954854
0.053100000000000494	560.21293318488279
0.053200000000000497	562.00037402185239
0.0533000000000005	563.76403436394025
0.053400000000000503	565.50282900801346
0.053500000000000505	567.21570808645708
0.053600000000000508	568.90165855909265
0.053700000000000511	570.55970565276402
0.053800000000000514	572.18891424654362
0.053900000000000517	573.78839020059013
0.05400000000000052	575.35728162677026
0.054100000000000523	576.89478009923835
0.054200000000000526	578.4001218032538
0.054300000000000528	579.87258862060332
0.054400000000000531	581.31150915008675
0.054500000000000534	582.71625966161446
0.054600000000000537	584.08626498256194
0.05470000000000054	585.42099931512212
0.054800000000000543	586.71998698349216
0.054900000000000546	587.982803109835
0.055000000000000548	589.20907421805396
0.055100000000000551	590.39847876452302
0.055200000000000554	591.55074759501781
0.055300000000000557	592.6656643271981
0.05540000000000056	593.74306565809934
0.055500000000000563	594.782841596195
0.055600000000000566	595.78493561770074
0.055700000000000569	596.74934474689735
0.055800000000000571	597.67611956035955
0.055900000000000574	598.56536411508432
0.056000000000000577	599.41723580061978
0.05610000000000058	600.23194511540635
0.056200000000000583	601.00975536764656
0.056300000000000586	601.75098230112974
0.056400000000000589	602.45599364654322
0.056500000000000591	603.12520859890674
0.056600000000000594	603.75909722187316
0.056700000000000597	604.35817977974239
0.0568000000000006	604.9230259981374
0.056900000000000603	605.45425425439294
0.057000000000000606	605.95253069880744
0.057100000000000609	606.41856830800714
0.057200000000000611	606.85312587176725
0.057300000000000614	607.25700691473003
0.057400000000000617	607.63105855455228
0.05750000000000062	607.97617029810499
0.057600000000000623	608.29327277743528
0.057700000000000626	608.58333642728735
0.057800000000000629	608.8473701060617
0.057900000000000632	609.08641966217203
0.058000000000000634	609.30156644783733
0.058100000000000637	609.49392578242134
0.05820000000000064	609.66464536750289
0.058300000000000643	609.81490365592879
0.058400000000000646	609.94590817716801
0.058500000000000649	610.05889382134626
0.058600000000000652	610.15512108439964
0.058700000000000654	610.23587427684083
0.058800000000000657	610.30245969868338
0.05890000000000066	610.35620378311808
0.059000000000000663	610.39845121157896
0.059100000000000666	610.43056300287731
0.059200000000000669	610.45391457911956
0.059300000000000672	610.46989381115679
0.059400000000000674	610.47989904634471
0.059500000000000677	610.48533712141557
0.05960000000000068	610.48762136328583
0.059700000000000683	610.48816958064162
0.059800000000000686	610.48840204915496
0.059900000000000689	610.48973949319418
0.060000000000000692	610.49360106689699
0.060100000000000695	610.5014023374747
0.060200000000000697	610.51455327361373
0.0603000000000007	610.53445624183303
0.060400000000000703	610.56250401364446
0.060500000000000706	610.60007778634838
0.060600000000000709	610.64854522027667
0.060700000000000712	610.70925849527237
0.060800000000000715	610.78355238916834
0.060900000000000717	610.87274238099496
0.06100000000000072	610.97812278161234
0.061100000000000723	611.10096489442367
0.061200000000000726	611.24251520878363
0.061300000000000729	611.40399362866901
0.061400000000000732	611.58659173912815
0.061500000000000735	611.79147111297323
0.061600000000000737	612.01976166012207
0.06170000000000074	612.27256002193428
0.061800000000000743	612.55092801282365
0.061900000000000746	612.85589111136198
0.062000000000000749	613.18843700301795
0.062100000000000752	613.54951417660163
0.062200000000000755	613.94003057641044
0.062300000000000758	614.36085231199058
0.06240000000000076	614.81280242734772
0.062500000000000763	615.29665973135673
0.062600000000000766	615.81315769103128
0.062700000000000769	616.36298338922722
0.062800000000000772	616.94677654826057
0.062900000000000775	617.5651286208265
0.063000000000000778	618.21858194951324
0.06310000000000078	618.90762899610354
0.063200000000000783	619.6327116417591
0.063300000000000786	620.39422055908358
0.063400000000000789	621.19249465695532
0.063500000000000792	622.02782059891945
0.063600000000000795	622.90043239582326
0.063700000000000798	623.81051107327391
0.063800000000000801	624.75818441439117
0.063900000000000803	625.74352677822048
0.064000000000000806	626.76655899406489
0.064100000000000809	627.82724833188547
0.064200000000000812	628.92550854881233
0.064300000000000815	630.06120001170041
0.064400000000000818	631.23412989555618
0.064500000000000821	632.44405245755217
0.064600000000000823	633.69066938624098
0.064700000000000826	634.97363022547245
0.064800000000000829	636.29253287241079
0.064900000000000832	637.64692414894455
0.065000000000000835	639.03630044567797
0.065100000000000838	640.46010843758734
0.065200000000000841	641.91774587032569
0.065300000000000843	643.40856241605968
0.065400000000000846	644.93186059762104
0.065500000000000849	646.48689677965956
0.065600000000000852	648.07288222538955
0.065700000000000855	649.68898421742813
0.065800000000000858	651.33432724113231
0.065900000000000861	653.00799422875298
0.066000000000000864	654.70902786263844
0.066100000000000866	656.43643193563526
0.066200000000000869	658.18917276675302
0.066300000000000872	659.9661806700816
0.066400000000000875	661.76635147487343
0.066500000000000878	663.58854809463048
0.066600000000000881	665.43160214296643
0.066700000000000884	667.29431559394766
0.066800000000000886	669.1754624845538
0.066900000000000889	671.0737906568379
0.067000000000000892	672.98802353731151
0.067100000000000895	674.91686195102591
0.067200000000000898	676.85898596777031
0.067300000000000901	678.81305677776493
0.067400000000000904	680.77771859418317
0.067500000000000906	682.75160057979872
0.067600000000000909	684.7333187950203
0.067700000000000912	686.7214781645456
0.067800000000000915	688.71467445983967
0.067900000000000918	690.71149629462036
0.068000000000000921	692.71052713051552
0.068100000000000924	694.71034729004157
0.068200000000000927	696.70953597404286
0.068300000000000929	698.706673280725
0.068400000000000932	700.70034222341292
0.068500000000000935	702.68913074416673
0.068600000000000938	704.67163372039317
0.068700000000000941	706.64645496160142
0.068800000000000944	708.6122091934667
0.068900000000000947	710.56752402638074
0.069000000000000949	712.5110419056922
0.069100000000000952	714.44142204086643
0.069200000000000955	716.35734231082199
0.069300000000000958	718.25750114273717
0.069400000000000961	720.14061936165626
0.069500000000000964	722.00544200826698
0.069600000000000967	723.85074012226642
0.06970000000000097	725.67531248878083
0.069800000000000972	727.47798734535775
0.069900000000000975	729.25762404710463
0.070000000000000978	731.01311468760753
0.070100000000000981	732.74338567332654
0.070200000000000984	734.44739924923147
0.070300000000000987	736.12415497350833
0.07040000000000099	737.77269113924149
0.070500000000000992	739.39208614105223
0.070600000000000995	740.98145978475054
0.070700000000000998	742.53997453813895
0.070800000000001001	744.06683672119152
0.070900000000001004	745.56129763391687
0.071000000000001007	747.02265462030175
0.07110000000000101	748.45025206682362
0.071200000000001012	749.84348233411322
0.071300000000001015	751.20178662044361
0.071400000000001018	752.524655755818
0.071500000000001021	753.81163092552799
0.071600000000001024	755.06230432215455
0.071700000000001027	756.27631972508448
0.07180000000000103	757.45337300671952
0.071900000000001033	758.5932125646583
0.072000000000001035	759.69563967923716
0.072100000000001038	760.76050879592174
0.072200000000001041	761.78772773214757
0.072300000000001044	762.77725780831679
0.072400000000001047	763.7291139027642
0.07250000000000105	764.64336443061393
0.072600000000001053	765.52013124655798
0.072700000000001055	766.35958947169411
0.072800000000001058	767.16196724466897
0.072900000000001061	767.9275453974808
0.073000000000001064	768.65665705640197
0.073100000000001067	769.34968716858782
0.07320000000000107	770.00707195504583
0.073300000000001073	770.62929829074199
0.073400000000001075	771.21690301272452
0.073500000000001078	771.77047215724929
0.073600000000001081	772.29064012699018
0.073700000000001084	772.77808878951794
0.073800000000001087	773.23354650832925
0.07390000000000109	773.65778710780251
0.074000000000001093	774.05162877355076
0.074100000000001096	774.41593288973525
0.074200000000001098	774.75160281499132
0.074300000000001101	775.05958259870658
0.074400000000001104	775.34085563947497
0.074500000000001107	775.59644328763341
0.07460000000000111	775.82740339386726
0.074700000000001113	776.03482880594652
0.074800000000001116	776.2198458157294
0.074900000000001118	776.38361255863981
0.075000000000001121	776.52731736789372
0.075100000000001124	776.6521770858127
0.075200000000001127	776.75943533462419
0.07530000000000113	776.85036074920652
0.075400000000001133	776.92624517428908
0.075500000000001136	776.98840182867025
0.075600000000001139	777.03816343906192
0.075700000000001141	777.07688034621162
0.075800000000001144	777.10591858599457
0.075900000000001147	777.12665794820191
0.07600000000000115	777.14049001578383
0.076100000000001153	777.14881618733443
0.076200000000001156	777.15304568562726
0.076300000000001159	777.15459355503231
0.076400000000001161	777.15487865066132
0.076500000000001164	777.15532162209684
0.076600000000001167	777.157342894571
0.07670000000000117	777.16236065046371
0.076800000000001173	777.17178881398809
0.076900000000001176	777.18703504192683
0.077000000000001179	777.20949872327458
0.077100000000001181	777.24056899062975
0.077200000000001184	777.28162274616102
0.077300000000001187	777.33402270495412
0.07740000000000119	777.39911545851942
0.077500000000001193	777.47822956121115
0.077600000000001196	777.57267364227891
0.077700000000001199	777.68373454623452
0.077800000000001202	777.81267550417533
0.077900000000001204	777.96073433866331
0.078000000000001207	778.12912170471179
0.07810000000000121	778.31901936937868
0.078200000000001213	778.53157853241044
0.078300000000001216	778.76791819032394
0.078400000000001219	779.02912354625187
0.078500000000001222	779.31624446780961
0.078600000000001224	779.63029399517552
0.078700000000001227	779.97224690150551
0.07880000000000123	780.34303830772728
0.078900000000001233	780.74356235368214
0.079000000000001236	781.17467092750337
0.079100000000001239	781.63717245503676
0.079200000000001242	782.13183075102279
0.079300000000001244	782.65936393367463
0.079400000000001247	783.22044340419268
0.07950000000000125	783.81569289266645
0.079600000000001253	784.44568757172033
0.079700000000001256	785.11095323916163
0.079800000000001259	785.81196557079318
0.079900000000001262	786.54914944445193
0.080000000000001265	787.32287833623445
0.080100000000001267	788.13347378976687
0.08020000000000127	788.98120495927367
0.080300000000001273	789.86628822709497
0.080400000000001276	790.78888689619532
0.080500000000001279	791.74911095810114
0.080600000000001282	792.74701693659688
0.080700000000001285	793.78260780740186
0.080800000000001287	794.85583299394125
0.08090000000000129	795.96658843921796
0.081000000000001293	797.11471675368387
0.081100000000001296	798.30000743889877
0.081200000000001299	799.52219718666004
0.081300000000001302	800.78097025317834
0.081400000000001305	802.07595890776633
0.081500000000001308	803.40674395540429
0.08160000000000131	804.77285533243946
0.081700000000001313	806.17377277457183
0.081800000000001316	807.6089265561784
0.081900000000001319	809.07769829992446
0.082000000000001322	810.57942185551133
0.082100000000001325	812.11338424631288
0.082200000000001328	813.67882668255413
0.08230000000000133	815.27494563959272
0.082400000000001333	816.90089399977182
0.082500000000001336	818.55578225622048
0.082600000000001339	820.23867977689156
0.082700000000001342	821.94861612704085
0.082800000000001345	823.68458244826786
0.082900000000001348	825.44553289215889
0.08300000000000135	827.23038610649485
0.083100000000001353	829.03802677191197
0.083200000000001356	830.86730718683157
0.083300000000001359	832.7170488984068
0.083400000000001362	834.58604437716872
0.083500000000001365	836.47305873299149
0.083600000000001368	838.37683146993913
0.083700000000001371	840.29607827749896
0.083800000000001373	842.22949285565744
0.083900000000001376	844.17574877122365
0.084000000000001379	846.13350134276357
0.084100000000001382	848.10138955146613
0.084200000000001385	850.07803797522479
0.084300000000001388	852.06205874318835
0.084400000000001391	854.05205350800122
0.084500000000001393	856.04661543293128
0.084600000000001396	858.04433119106181
0.084700000000001399	860.0437829737067
0.084800000000001402	862.04355050519405
0.084900000000001405	864.04221306115551
0.085000000000001408	866.03835148745327
0.085100000000001411	868.03055021687612
0.085200000000001413	870.01739928073778
0.085300000000001416	871.99749631251916
0.085400000000001419	873.9694485407083
0.085500000000001422	875.93187476800483
0.085600000000001425	877.88340733407699
0.085700000000001428	879.82269405908164
0.085800000000001431	881.7484001651859
0.085900000000001434	883.6592101733595
0.086000000000001436	885.55382977274235
0.086100000000001439	887.43098765993113
0.086200000000001442	889.28943734557117
0.086300000000001445	891.1279589256859
0.086400000000001448	892.94536081522699
0.086500000000001451	894.74048144138214
0.086600000000001454	896.51219089423341
0.086700000000001456	898.25939253242132
0.086800000000001459	899.98102454153218
0.086900000000001462	901.67606144299396
0.087000000000001465	903.3435155513381
0.087100000000001468	904.98243837775453
0.087200000000001471	906.59192197794573
0.087300000000001474	908.17110024236558
0.087400000000001477	909.71915012700833
0.087500000000001479	911.23529282299921
0.087600000000001482	912.71879486332455
0.087700000000001485	914.16896916512837
0.087800000000001488	915.58517600609491
0.087900000000001491	916.96682393352887
0.088000000000001494	918.31337060484202
0.088100000000001497	919.6243235582516
0.088200000000001499	920.89924091259593
0.088300000000001502	922.13773199527145
0.088400000000001505	923.3394578973996
0.088500000000001508	924.50413195543524
0.088600000000001511	925.6315201585312
0.088700000000001514	926.72144148108032
0.088800000000001517	927.77376813996284
0.088900000000001519	928.78842577613329
0.089000000000001522	929.76539356028866
0.089100000000001525	930.70470422246797
0.089200000000001528	931.60644400554099
0.089300000000001531	932.47075254265269
0.089400000000001534	933.2978226587968
0.089500000000001537	934.08790009680069
0.08960000000000154	934.84128316811166
0.089700000000001542	935.55832232887997
0.089800000000001545	936.2394196819414
0.089900000000001548	936.88502840540741
0.090000000000001551	937.49565210867388
0.090100000000001554	938.07184411676451
0.090200000000001557	938.61420668402604
0.09030000000000156	939.12339013829182
0.090400000000001562	939.60009195673024
0.090500000000001565	940.04505577469172
0.090600000000001568	940.45907032896184
0.090700000000001571	940.84296833692326
0.090800000000001574	941.19762531321908
0.090900000000001577	941.52395832559841
0.09100000000000158	941.82292469171296
0.091100000000001582	942.09552061871614
0.091200000000001585	942.34277978759837
0.091300000000001588	942.56577188426979
0.091400000000001591	942.76560107947796
0.091500000000001594	942.94340445972102
0.091600000000001597	943.10035041138519
0.0917000000000016	943.23763696040407
0.091800000000001603	943.35649006979816
0.091900000000001605	943.45816189751429
0.092000000000001608	943.54392901704091
0.092100000000001611	943.61509060332685
0.092200000000001614	943.6729665865829
0.092300000000001617	943.71889577658874
0.09240000000000162	943.75423396017106
0.092500000000001623	943.78035197455608
0.092600000000001625	943.79863375933496
0.092700000000001628	943.81047438981011
0.092800000000001631	943.81727809451661
0.092900000000001634	943.8204562597366
0.093000000000001637	943.82142542384213
0.09310000000000164	943.82160526431676
0.093200000000001643	943.82241658031626
0.093300000000001646	943.82527927363503
0.093400000000001648	943.83161033094802
0.093500000000001651	943.84282181019512
0.093600000000001654	943.86031883396959
0.093700000000001657	943.88549759276214
0.09380000000000166	943.91974336089766
0.093900000000001663	943.96442852798452
0.094000000000001666	944.02091064867398
0.094100000000001668	944.09053051350065
0.094200000000001671	944.17461024354611
0.094300000000001674	944.27445141163196
0.094400000000001677	944.39133319271389
0.09450000000000168	944.5265105461043
0.094600000000001683	944.68121243210601
0.094700000000001686	944.85664006559273
0.094800000000001688	945.05396520901695
0.094900000000001691	945.27432850727132
0.095000000000001694	945.51883786676979
0.095100000000001697	945.78856688105202
0.0952000000000017	946.08455330514835
0.095300000000001703	946.40779758087285
0.095400000000001706	946.75926141514094
0.095500000000001709	947.13986641333145
0.095600000000001711	947.55049276963462
0.095700000000001714	947.99197801624769
0.095800000000001717	948.46511583319659
0.09590000000000172	948.97065492047273
0.096000000000001723	949.50929793408932
0.096100000000001726	950.08170048756904
0.096200000000001729	950.68847022028092
0.096300000000001731	951.33016593395189
0.096400000000001734	952.00729679857898
0.096500000000001737	952.72032162887047
0.09660000000000174	953.46964823224539
0.096700000000001743	954.25563282931705
0.096800000000001746	955.0785795476836
0.096900000000001749	955.9387399897463
0.097000000000001751	956.8363128751688
0.097100000000001754	957.7714437584857
0.097200000000001757	958.74422482226146
0.09730000000000176	959.75469474609383
0.097400000000001763	960.80283865164802
0.097500000000001766	961.88858812379988
0.097600000000001769	963.01182130785742
0.097700000000001772	964.17236308272288
0.097800000000001774	965.3699853097495
0.097900000000001777	966.60440715693915
0.09800000000000178	967.87529549801968
0.098100000000001783	969.18226538583565
0.098200000000001786	970.52488059937946
0.098300000000001789	971.90265426368512
0.098400000000001792	973.31504954170441
0.098500000000001794	974.76148039718134
0.098600000000001797	976.24131242744215
0.0987000000000018	977.7538637649161
0.098800000000001803	979.29840604610638
0.098900000000001806	980.87416544663472
0.099000000000001809	982.48032378088806
0.099100000000001812	984.11601966470516
0.099200000000001815	985.78034973945068
0.099300000000001817	987.47236995573689
0.09940000000000182	989.19109691496999
0.099500000000001823	990.93550926681303
0.099600000000001826	992.70454916058054
0.099700000000001829	994.49712374850276
0.099800000000001832	996.31210673872135
0.099900000000001835	998.14833999581231
0.10000000000000184	1000.0046351865598
