Time	V(R9)
1.0000000000000001e-005	9.7124535064220865
2.0000000000000002e-005	9.7161151150849783
3.0000000000000004e-005	9.7197056108789237
4.0000000000000003e-005	9.7232263749018504
5.0000000000000002e-005	9.7266787614290919
6.0000000000000002e-005	9.7300640984343136
7.0000000000000007e-005	9.7333836881003339
8.0000000000000007e-005	9.7366388073199985
9.0000000000000006e-005	9.7398307081873536
0.0001	9.7429606184792625
0.00011	9.746029742127682
0.00012	9.7490392596827427
0.00013000000000000002	9.7519903287668779
0.00014000000000000001	9.7548840845200839
0.00015000000000000001	9.7577216400365678
0.00016000000000000001	9.7605040867928992
0.00017000000000000001	9.7632324950678573
0.00018000000000000001	9.7659079143541074
0.00019000000000000001	9.7685313737619026
0.00020000000000000001	9.771103882414927
0.00021000000000000001	9.7736264298384601
0.00022000000000000001	9.7760999863400109
0.00023000000000000001	9.7785255033825376
0.00024000000000000001	9.7809039139504375
0.00025000000000000001	9.7832361329084243
0.00026000000000000003	9.78552305735343
0.00027000000000000006	9.7877655669596795
0.00028000000000000008	9.7899645243170621
0.00029000000000000011	9.7921207752629282
0.00030000000000000014	9.7942351492074433
0.00031000000000000016	9.7963084594526197
0.00032000000000000019	9.7983415035051689
0.00033000000000000022	9.8003350633832547
0.00034000000000000024	9.8022899059172968
0.00035000000000000027	9.8042067830449486
0.00036000000000000029	9.8060864321003205
0.00037000000000000032	9.8079295760976031
0.00038000000000000035	9.8097369240091776
0.00039000000000000037	9.811509171038324
0.0004000000000000004	9.8132469988866315
0.00041000000000000042	9.8149510760162251
0.00042000000000000045	9.8166220579068835
0.00043000000000000048	9.8182605873081705
0.0004400000000000005	9.8198672944866878
0.00045000000000000053	9.821442797468487
0.00046000000000000056	9.8229877022768086
0.00047000000000000058	9.824502603165195
0.00048000000000000061	9.8259880828460542
0.00049000000000000063	9.8274447127148274
0.00050000000000000066	9.8288730530697546
0.00051000000000000069	9.8302736533274135
0.00052000000000000071	9.8316470522340431
0.00053000000000000074	9.8329937780727832
0.00054000000000000077	9.8343143488668705
0.00055000000000000079	9.8356092725789068
0.00056000000000000082	9.8368790473062457
0.00057000000000000084	9.8381241614725887
0.00058000000000000087	9.839345094015858
0.0005900000000000009	9.8405423145724189
0.00060000000000000092	9.8417162836577354
0.00061000000000000095	9.8428674528434996
0.00062000000000000098	9.8439962649313379
0.000630000000000001	9.8451031541231355
0.00064000000000000103	9.8461885461880456
0.00065000000000000105	9.8472528586262715
0.00066000000000000108	9.848296500829667
0.00067000000000000111	9.8493198742391836
0.00068000000000000113	9.8503233724993216
0.00069000000000000116	9.8513073816095176
0.00070000000000000119	9.8522722800726328
0.00071000000000000121	9.8532184390405533
0.00072000000000000124	9.8541462224569365
0.00073000000000000126	9.8550559871972219
0.00074000000000000129	9.8559480832058899
0.00075000000000000132	9.8568228536310816
0.00076000000000000134	9.85768063495658
0.00077000000000000137	9.8585217571312533
0.0007800000000000014	9.8593465436959562
0.00079000000000000142	9.8601553119079952
0.00080000000000000145	9.8609483728631524
0.00081000000000000147	9.861726031615353
0.0008200000000000015	9.8624885872940098
0.00083000000000000153	9.8632363332190742
0.00084000000000000155	9.8639695570138777
0.00085000000000000158	9.8646885407157523
0.00086000000000000161	9.8653935608845256
0.00087000000000000163	9.866084888708901
0.00088000000000000166	9.8667627901107675
0.00089000000000000168	9.8674275258474875
0.00090000000000000171	9.8680793516122023
0.00091000000000000174	9.8687185181321855
0.00092000000000000176	9.8693452712652761
0.00093000000000000179	9.8699598520944694
0.00094000000000000182	9.8705624970206216
0.00095000000000000184	9.87115343785341
0.00096000000000000187	9.8717329019004829
0.00097000000000000189	9.8723011120549007
0.00098000000000000192	9.8728582868808701
0.00099000000000000195	9.8734046406978173
0.001000000000000002	9.8739403836628252
0.001010000000000002	9.8744657218514718
0.001020000000000002	9.8749808573370981
0.0010300000000000021	9.8754859882685384
0.0010400000000000021	9.8759813089463329
0.0010500000000000021	9.8764670098974765
0.0010600000000000021	9.8769432779486941
0.0010700000000000022	9.8774102962983097
0.0010800000000000022	9.8778682445867201
0.0010900000000000022	9.8783172989654791
0.0011000000000000022	9.8787576321650725
0.0011100000000000023	9.8791894135613472
0.0011200000000000023	9.879612809240669
0.0011300000000000023	9.8800279820637993
0.0011400000000000023	9.8804350917285539
0.0011500000000000024	9.8808342948312191
0.0011600000000000024	9.8812257449267964
0.0011700000000000024	9.8816095925880578
0.0011800000000000024	9.8819859854634764
0.0011900000000000025	9.8823550683340056
0.0012000000000000025	9.8827169831687822
0.0012100000000000025	9.8830718691797355
0.0012200000000000025	9.8834198628751189
0.0012300000000000026	9.883761098112041
0.0012400000000000026	9.8840957061479386
0.0012500000000000026	9.8844238156910702
0.0012600000000000027	9.8847455529500259
0.0012700000000000027	9.8850610416822722
0.0012800000000000027	9.8853704032417546
0.0012900000000000027	9.8856737566255806
0.0013000000000000028	9.885971218519785
0.0013100000000000028	9.8862629033442264
0.0013200000000000028	9.8865489232965835
0.0013300000000000028	9.8868293883955261
0.0013400000000000029	9.8871044065230222
0.0013500000000000029	9.8873740834658506
0.0013600000000000029	9.8876385229562747
0.0013700000000000029	9.8878978267119546
0.001380000000000003	9.8881520944750729
0.001390000000000003	9.8884014240506932
0.001400000000000003	9.8886459113443923
0.001410000000000003	9.8888856503991391
0.0014200000000000031	9.889120733431481
0.0014300000000000031	9.8893512508669996
0.0014400000000000031	9.8895772913751117
0.0014500000000000032	9.8897989419031589
0.0014600000000000032	9.8900162877098658
0.0014700000000000032	9.8902294123981278
0.0014800000000000032	9.8904383979471682
0.0014900000000000033	9.8906433247440795
0.0015000000000000033	9.8908442716147373
0.0015100000000000033	9.8910413158541193
0.0015200000000000033	9.8912345332560481
0.0015300000000000034	9.8914239981423364
0.0015400000000000034	9.8916097833913756
0.0015500000000000034	9.8917919604661684
0.0015600000000000034	9.8919705994418301
0.0015700000000000035	9.892145769032517
0.0015800000000000035	9.8923175366178864
0.0015900000000000035	9.8924859682689963
0.0016000000000000035	9.8926511287737231
0.0016100000000000036	9.8928130816616875
0.0016200000000000036	9.8929718892286829
0.0016300000000000036	9.8931276125606527
0.0016400000000000037	9.8932803115571666
0.0016500000000000037	9.8934300449544796
0.0016600000000000037	9.8935768703481131
0.0016700000000000037	9.8937208442150197
0.0016800000000000038	9.8938620219352931
0.0016900000000000038	9.894000457813485
0.0017000000000000038	9.8941362050994837
0.0017100000000000038	9.8942693160090034
0.0017200000000000039	9.8943998417436614
0.0017300000000000039	9.8945278325106827
0.0017400000000000039	9.8946533375422021
0.0017500000000000039	9.8947764051142126
0.001760000000000004	9.894897082565123
0.001770000000000004	9.8950154163139796
0.001780000000000004	9.8951314518783064
0.001790000000000004	9.8952452338916306
0.0018000000000000041	9.8953568061206347
0.0018100000000000041	9.8954662114820078
0.0018200000000000041	9.8955734920589364
0.0018300000000000041	9.8956786891173056
0.0018400000000000042	9.8957818431215649
0.0018500000000000042	9.8958829937502966
0.0018600000000000042	9.8959821799114778
0.0018700000000000043	9.8960794397574432
0.0018800000000000043	9.8961748106995628
0.0018900000000000043	9.8962683294226377
0.0019000000000000043	9.8963600318989968
0.0019100000000000044	9.8964499534023531
0.0019200000000000044	9.8965381285213532
0.0019300000000000044	9.8966245911728947
0.0019400000000000044	9.8967093746151686
0.0019500000000000045	9.8967925114604451
0.0019600000000000043	9.8968740336876344
0.0019700000000000043	9.8969539726545701
0.0019800000000000043	9.8970323591100815
0.0019900000000000044	9.8971092232058187
0.0020000000000000044	9.8971845945078503
0.0020100000000000044	9.8972585020080341
0.0020200000000000044	9.8973309741351745
0.0020300000000000045	9.8974020387659483
0.0020400000000000045	9.8974717232356415
0.0020500000000000045	9.8975400543486494
0.0020600000000000045	9.8976070583887985
0.0020700000000000046	9.8976727611294439
0.0020800000000000046	9.8977371878434006
0.0020900000000000046	9.8978003633126459
0.0021000000000000046	9.8978623118378692
0.0021100000000000047	9.8979230572478052
0.0021200000000000047	9.8979826229084082
0.0021300000000000047	9.8980410317318395
0.0021400000000000047	9.8980983061852754
0.0021500000000000048	9.8981544682995501
0.0021600000000000048	9.8982095396776373
0.0021700000000000048	9.8982635415029527
0.0021800000000000049	9.8983164945475082
0.0021900000000000049	9.8983684191798886
0.0022000000000000049	9.8984193353731076
0.0022100000000000049	9.8984692627122701
0.002220000000000005	9.8985182204021189
0.002230000000000005	9.8985662272744168
0.002240000000000005	9.8986133017951907
0.002250000000000005	9.8986594620718336
0.0022600000000000051	9.8987047258600747
0.0022700000000000051	9.898749110570801
0.0022800000000000051	9.8987926332767628
0.0022900000000000051	9.8988353107191323
0.0023000000000000052	9.8988771593139528
0.0023100000000000052	9.8989181951584477
0.0023200000000000052	9.8989584340372083
0.0023300000000000052	9.8989978914282748
0.0023400000000000053	9.8990365825090834
0.0023500000000000053	9.8990745221623069
0.0023600000000000053	9.899111724981573
0.0023700000000000053	9.8991482052770952
0.0023800000000000054	9.8991839770811545
0.0023900000000000054	9.8992190541535159
0.0024000000000000054	9.8992534499867038
0.0024100000000000055	9.8992871778112104
0.0024200000000000055	9.8993202506005691
0.0024300000000000055	9.8993526810763584
0.0024400000000000055	9.8993844817130832
0.0024500000000000056	9.8994156647429801
0.0024600000000000056	9.899446242160721
0.0024700000000000056	9.8994762257280247
0.0024800000000000056	9.899505626978188
0.0024900000000000057	9.8995344572205095
0.0025000000000000057	9.8995627275446587
0.0025100000000000057	9.8995904488249167
0.0025200000000000057	9.899617631724384
0.0025300000000000058	9.8996442866990684
0.0025400000000000058	9.8996704240019042
0.0025500000000000058	9.8996960536867036
0.0025600000000000058	9.8997211856120266
0.0025700000000000059	9.8997458294449636
0.0025800000000000059	9.8997699946648581
0.0025900000000000059	9.8997936905669537
0.002600000000000006	9.8998169262659701
0.002610000000000006	9.8998397106996077
0.002620000000000006	9.8998620526319883
0.002630000000000006	9.8998839606570179
0.0026400000000000061	9.8999054432017051
0.0026500000000000061	9.8999265085293899
0.0026600000000000061	9.8999471647429331
0.0026700000000000061	9.899967419787826
0.0026800000000000062	9.8999872814552479
0.0026900000000000062	9.9000067573850661
0.0027000000000000062	9.9000258550687708
0.0027100000000000062	9.9000445818523595
0.0027200000000000063	9.9000629449391617
0.0027300000000000063	9.9000809513926082
0.0027400000000000063	9.9000986081389488
0.0027500000000000063	9.9001159219699186
0.0027600000000000064	9.9001328995453513
0.0027700000000000064	9.9001495473957348
0.0027800000000000064	9.9001658719247292
0.0027900000000000065	9.9001818794116261
0.0028000000000000065	9.900197576013765
0.0028100000000000065	9.9002129677689048
0.0028200000000000065	9.900228060597545
0.0028300000000000066	9.9002428603051982
0.0028400000000000066	9.9002573725846279
0.0028500000000000066	9.9002716030180373
0.0028600000000000066	9.9002855570792203
0.0028700000000000067	9.9002992401356575
0.0028800000000000067	9.9003126574505877
0.0028900000000000067	9.9003258141850345
0.0029000000000000067	9.9003387153997853
0.0029100000000000068	9.9003513660573415
0.0029200000000000068	9.9003637710238284
0.0029300000000000068	9.9003759350708602
0.0029400000000000068	9.9003878628773858
0.0029500000000000069	9.9003995590314844
0.0029600000000000069	9.9004110280321242
0.0029700000000000069	9.9004222742908965
0.0029800000000000069	9.9004333021337239
0.002990000000000007	9.9004441158025038
0.003000000000000007	9.9004547194567571
0.003010000000000007	9.9004651171752212
0.0030200000000000071	9.9004753129574166
0.0030300000000000071	9.9004853107251893
0.0030400000000000071	9.9004951143242188
0.0030500000000000071	9.9005047275254974
0.0030600000000000072	9.9005141540267818
0.0030700000000000072	9.900523397454009
0.0030800000000000072	9.9005324613626993
0.0030900000000000072	9.9005413492393188
0.0031000000000000073	9.9005500645026263
0.0031100000000000073	9.9005586105049783
0.0031200000000000073	9.9005669905336298
0.0031300000000000073	9.900575207811988
0.0031400000000000074	9.9005832655008632
0.0031500000000000074	9.9005911666996713
0.0031600000000000074	9.9005989144476452
0.0031700000000000074	9.9006065117249822
0.0031800000000000075	9.9006139614540043
0.0031900000000000075	9.9006212665002771
0.0032000000000000075	9.9006284296737146
0.0032100000000000076	9.900635453729663
0.0032200000000000076	9.9006423413699487
0.0032300000000000076	9.9006490952439297
0.0032400000000000076	9.9006557179495083
0.0032500000000000077	9.9006622120341348
0.0032600000000000077	9.9006685799957825
0.0032700000000000077	9.9006748242839127
0.0032800000000000077	9.9006809473004171
0.0032900000000000078	9.9006869514005338
0.0033000000000000078	9.9006928388937645
0.0033100000000000078	9.9006986120447547
0.0033200000000000078	9.9007042730741723
0.0033300000000000079	9.9007098241595504
0.0033400000000000079	9.9007152674361372
0.0033500000000000079	9.9007206049977068
0.0033600000000000079	9.9007258388973778
0.003370000000000008	9.9007309711483842
0.003380000000000008	9.9007360037248695
0.003390000000000008	9.9007409385626328
0.0034000000000000081	9.9007457775598784
0.0034100000000000081	9.900750522577944
0.0034200000000000081	9.9007551754420202
0.0034300000000000081	9.900759737941847
0.0034400000000000082	9.90076421183241
0.0034500000000000082	9.9007685988346097
0.0034600000000000082	9.900772900635916
0.0034700000000000082	9.9007771188910407
0.0034800000000000083	9.9007812552225474
0.0034900000000000083	9.9007853112214939
0.0035000000000000083	9.9007892884480366
0.0035100000000000083	9.9007931884320275
0.0035200000000000084	9.9007970126736122
0.0035300000000000084	9.9008007626438026
0.0035400000000000084	9.9008044397850341
0.0035500000000000084	9.9008080455117344
0.0035600000000000085	9.9008115812108617
0.0035700000000000085	9.9008150482424373
0.0035800000000000085	9.9008184479400665
0.0035900000000000085	9.9008217816114534
0.0036000000000000086	9.9008250505389093
0.0036100000000000086	9.9008282559798442
0.0036200000000000086	9.9008313991672363
0.0036300000000000087	9.9008344813101292
0.0036400000000000087	9.9008375035940759
0.0036500000000000087	9.9008404671816166
0.0036600000000000087	9.9008433732127017
0.0036700000000000088	9.9008462228051481
0.0036800000000000088	9.9008490170550623
0.0036900000000000088	9.9008517570372625
0.0037000000000000088	9.9008544438056969
0.0037100000000000089	9.9008570783938374
0.0037200000000000089	9.9008596618150886
0.0037300000000000089	9.9008621950631746
0.0037400000000000089	9.9008646791125212
0.003750000000000009	9.900867114918622
0.003760000000000009	9.9008695034184253
0.003770000000000009	9.9008718455306717
0.003780000000000009	9.9008741421562654
0.0037900000000000091	9.9008763941786135
0.0038000000000000091	9.9008786024639619
0.0038100000000000091	9.9008807678617394
0.0038200000000000092	9.9008828912048727
0.0038300000000000092	9.9008849733101147
0.0038400000000000092	9.9008870149783519
0.0038500000000000092	9.9008890169949257
0.0038600000000000093	9.9008909801299154
0.0038700000000000093	9.9008929051384484
0.0038800000000000093	9.9008947927609885
0.0038900000000000093	9.9008966437236143
0.0039000000000000094	9.9008984587383093
0.003910000000000009	9.9009002385032208
0.0039200000000000085	9.9009019837029477
0.0039300000000000081	9.9009036950087843
0.0039400000000000077	9.9009053730789898
0.0039500000000000073	9.9009070185590442
0.0039600000000000069	9.9009086320818867
0.0039700000000000065	9.900910214268162
0.0039800000000000061	9.9009117657264678
0.0039900000000000057	9.9009132870535765
0.0040000000000000053	9.9009147788346716
0.0040100000000000049	9.900916241643575
0.0040200000000000045	9.90091767604296
0.0040300000000000041	9.9009190825845721
0.0040400000000000037	9.9009204618094468
0.0040500000000000033	9.9009218142481057
0.0040600000000000028	9.9009231404207707
0.0040700000000000024	9.9009244408375583
0.004080000000000002	9.9009257159986781
0.0040900000000000016	9.9009269663946267
0.0041000000000000012	9.9009281925063739
0.0041100000000000008	9.9009293948055479
0.0041200000000000004	9.9009305737546196
0.00413	9.9009317298070716
0.0041399999999999996	9.9009328634075882
0.0041499999999999992	9.9009339749922116
0.0041599999999999988	9.9009350649885182
0.0041699999999999984	9.900936133815776
0.004179999999999998	9.9009371818851157
0.0041899999999999975	9.9009382095996834
0.0041999999999999971	9.9009392173547912
0.0042099999999999967	9.9009402055380722
0.0042199999999999963	9.9009411745296436
0.0042299999999999959	9.9009421247022242
0.0042399999999999955	9.9009430564213012
0.0042499999999999951	9.9009439700452724
0.0042599999999999947	9.9009448659255579
0.0042699999999999943	9.9009457444067657
0.0042799999999999939	9.900946605826805
0.0042899999999999935	9.900947450517025
0.0042999999999999931	9.9009482788023409
0.0043099999999999927	9.9009490910013529
0.0043199999999999922	9.9009498874264779
0.0043299999999999918	9.9009506683840645
0.0043399999999999914	9.9009514341745088
0.004349999999999991	9.9009521850923772
0.0043599999999999906	9.9009529214265122
0.0043699999999999902	9.9009536434601486
0.0043799999999999898	9.9009543514710163
0.0043899999999999894	9.9009550457314592
0.004399999999999989	9.9009557265085224
0.0044099999999999886	9.9009563940640728
0.0044199999999999882	9.9009570486548863
0.0044299999999999878	9.9009576905327563
0.0044399999999999874	9.9009583199445785
0.004449999999999987	9.9009589371324651
0.0044599999999999865	9.9009595423338155
0.0044699999999999861	9.900960135781423
0.0044799999999999857	9.9009607177035601
0.0044899999999999853	9.9009612883240656
0.0044999999999999849	9.9009618478624315
0.0045099999999999845	9.9009623965338847
0.0045199999999999841	9.9009629345494758
0.0045299999999999837	9.9009634621161524
0.0045399999999999833	9.9009639794368454
0.0045499999999999829	9.9009644867105457
0.0045599999999999825	9.9009649841323775
0.0045699999999999821	9.9009654718936755
0.0045799999999999817	9.9009659501820586
0.0045899999999999812	9.9009664191815041
0.0045999999999999808	9.9009668790724135
0.0046099999999999804	9.9009673300316834
0.00461999999999998	9.9009677722327787
0.0046299999999999796	9.9009682058457944
0.0046399999999999792	9.9009686310375198
0.0046499999999999788	9.9009690479715111
0.0046599999999999784	9.9009694568081361
0.004669999999999978	9.900969857704661
0.0046799999999999776	9.9009702508152913
0.0046899999999999772	9.9009706362912375
0.0046999999999999768	9.9009710142807741
0.0047099999999999764	9.9009713849292957
0.004719999999999976	9.9009717483793764
0.0047299999999999755	9.9009721047708155
0.0047399999999999751	9.9009724542407032
0.0047499999999999747	9.9009727969234618
0.0047599999999999743	9.9009731329509076
0.0047699999999999739	9.9009734624522938
0.0047799999999999735	9.9009737855543651
0.0047899999999999731	9.9009741023814026
0.0047999999999999727	9.900974413055275
0.0048099999999999723	9.9009747176954868
0.0048199999999999719	9.9009750164192152
0.0048299999999999715	9.9009753093413693
0.0048399999999999711	9.9009755965746198
0.0048499999999999707	9.9009758782294544
0.0048599999999999702	9.9009761544142112
0.0048699999999999698	9.9009764252351253
0.0048799999999999694	9.9009766907963694
0.004889999999999969	9.9009769512000929
0.0048999999999999686	9.9009772065464627
0.0049099999999999682	9.9009774569336955
0.0049199999999999678	9.9009777024581052
0.0049299999999999674	9.9009779432141336
0.004939999999999967	9.9009781792943912
0.0049499999999999666	9.9009784107896834
0.0049599999999999662	9.9009786377890556
0.0049699999999999658	9.9009788603798281
0.0049799999999999654	9.9009790786476159
0.0049899999999999649	9.9009792926763804
0.0049999999999999645	9.9009795025484486
0.0050099999999999641	9.900979708344547
0.0050199999999999637	9.9009799101438354
0.0050299999999999633	9.9009801080239388
0.0050399999999999629	9.9009803020609688
0.0050499999999999625	9.9009804923295661
0.0050599999999999621	9.9009806789029184
0.0050699999999999617	9.9009808618527888
0.0050799999999999613	9.9009810412495529
0.0050899999999999609	9.9009812171622134
0.0050999999999999605	9.9009813896584387
0.0051099999999999601	9.9009815588045775
0.0051199999999999597	9.9009817246656944
0.0051299999999999592	9.900981887305587
0.0051399999999999588	9.900982046786817
0.0051499999999999584	9.9009822031707291
0.005159999999999958	9.9009823565174742
0.0051699999999999576	9.9009825068860433
0.0051799999999999572	9.9009826543342712
0.0051899999999999568	9.9009827989188768
0.0051999999999999564	9.9009829406954744
0.005209999999999956	9.900983079718598
0.0052199999999999556	9.9009832160417233
0.0052299999999999552	9.9009833497172899
0.0052399999999999548	9.9009834807967163
0.0052499999999999544	9.9009836093304209
0.0052599999999999539	9.9009837353678467
0.0052699999999999535	9.9009838589574723
0.0052799999999999531	9.9009839801468384
0.0052899999999999527	9.9009840989825584
0.0052999999999999523	9.9009842155103467
0.0053099999999999519	9.9009843297750244
0.0053199999999999515	9.9009844418205439
0.0053299999999999511	9.9009845516900032
0.0053399999999999507	9.9009846594256654
0.0053499999999999503	9.9009847650689693
0.0053599999999999499	9.9009848686605544
0.0053699999999999495	9.9009849702402644
0.0053799999999999491	9.9009850698471737
0.0053899999999999487	9.9009851675195968
0.0053999999999999482	9.9009852632951016
0.0054099999999999478	9.9009853572105335
0.0054199999999999474	9.9009854493020129
0.005429999999999947	9.9009855396049637
0.0054399999999999466	9.9009856281541211
0.0054499999999999462	9.9009857149835483
0.0054599999999999458	9.9009858001266426
0.0054699999999999454	9.9009858836161548
0.005479999999999945	9.9009859654841996
0.0054899999999999446	9.90098604576227
0.0054999999999999442	9.9009861244812392
0.0055099999999999438	9.9009862016713939
0.0055199999999999434	9.9009862773624224
0.0055299999999999429	9.9009863515834375
0.0055399999999999425	9.9009864243629906
0.0055499999999999421	9.9009864957290805
0.0055599999999999417	9.900986565709152
0.0055699999999999413	9.900986634330124
0.0055799999999999409	9.9009867016183968
0.0055899999999999405	9.9009867675998482
0.0055999999999999401	9.9009868322998607
0.0056099999999999397	9.9009868957433227
0.0056199999999999393	9.9009869579546326
0.0056299999999999389	9.9009870189577249
0.0056399999999999385	9.9009870787760637
0.0056499999999999381	9.9009871374326579
0.0056599999999999377	9.9009871949500692
0.0056699999999999372	9.9009872513504256
0.0056799999999999368	9.9009873066554164
0.0056899999999999364	9.9009873608863153
0.005699999999999936	9.9009874140639891
0.0057099999999999356	9.9009874662088855
0.0057199999999999352	9.9009875173410649
0.0057299999999999348	9.9009875674801968
0.0057399999999999344	9.9009876166455655
0.005749999999999934	9.9009876648560837
0.0057599999999999336	9.9009877121302949
0.0057699999999999332	9.9009877584863837
0.0057799999999999328	9.900987803942181
0.0057899999999999324	9.9009878485151717
0.0057999999999999319	9.9009878922225028
0.0058099999999999315	9.9009879350809822
0.0058199999999999311	9.9009879771070999
0.0058299999999999307	9.9009880183170171
0.0058399999999999303	9.9009880587265897
0.0058499999999999299	9.900988098351359
0.0058599999999999295	9.9009881372065678
0.0058699999999999291	9.9009881753071625
0.0058799999999999287	9.9009882126677962
0.0058899999999999283	9.9009882493028414
0.0058999999999999279	9.9009882852263882
0.0059099999999999275	9.9009883204522584
0.0059199999999999271	9.9009883549940003
0.0059299999999999266	9.9009883888648957
0.0059399999999999262	9.9009884220779814
0.0059499999999999258	9.9009884546460292
0.0059599999999999254	9.9009884865815625
0.005969999999999925	9.9009885178968702
0.0059799999999999246	9.9009885486039977
0.0059899999999999242	9.9009885787147578
0.0059999999999999238	9.900988608240727
0.0060099999999999234	9.9009886371932669
0.006019999999999923	9.9009886655835135
0.0060299999999999226	9.9009886934223879
0.0060399999999999222	9.9009887207205978
0.0060499999999999218	9.9009887474886433
0.0060599999999999214	9.9009887737368203
0.0060699999999999209	9.9009887994752273
0.0060799999999999205	9.9009888247137621
0.0060899999999999201	9.9009888494621343
0.0060999999999999197	9.9009888737298635
0.0061099999999999193	9.9009888975262825
0.0061199999999999189	9.9009889208605486
0.0061299999999999185	9.9009889437416341
0.0061399999999999181	9.9009889661783408
0.0061499999999999177	9.9009889881793001
0.0061599999999999173	9.9009890097529727
0.0061699999999999169	9.9009890309076614
0.0061799999999999165	9.9009890516514982
0.0061899999999999161	9.9009890719924645
0.0061999999999999156	9.9009890919383867
0.0062099999999999152	9.9009891114969335
0.0062199999999999148	9.9009891306756277
0.0062299999999999144	9.9009891494818518
0.006239999999999914	9.9009891679228339
0.0062499999999999136	9.9009891860056722
0.0062599999999999132	9.9009892037373177
0.0062699999999999128	9.9009892211245933
0.0062799999999999124	9.9009892381741889
0.006289999999999912	9.900989254892659
0.0062999999999999116	9.9009892712864378
0.0063099999999999112	9.9009892873618277
0.0063199999999999108	9.9009893031250158
0.0063299999999999104	9.900989318582063
0.0063399999999999099	9.9009893337389148
0.0063499999999999095	9.9009893486014029
0.0063599999999999091	9.9009893631752437
0.0063699999999999087	9.9009893774660434
0.0063799999999999083	9.9009893914792961
0.0063899999999999079	9.9009894052203986
0.0063999999999999075	9.9009894186946283
0.0064099999999999071	9.9009894319071723
0.0064199999999999067	9.9009894448631162
0.0064299999999999063	9.9009894575674373
0.0064399999999999059	9.9009894700250261
0.0064499999999999055	9.9009894822406732
0.0064599999999999051	9.9009894942190773
0.0064699999999999046	9.9009895059648461
0.0064799999999999042	9.9009895174824987
0.0064899999999999038	9.9009895287764653
0.0064999999999999034	9.9009895398510874
0.006509999999999903	9.9009895507106265
0.0065199999999999026	9.9009895613592622
0.0065299999999999022	9.9009895718010892
0.0065399999999999018	9.9009895820401201
0.0065499999999999014	9.9009895920803004
0.006559999999999901	9.9009896019254846
0.0065699999999999006	9.9009896115794653
0.0065799999999999002	9.9009896210459551
0.0065899999999998998	9.900989630328592
0.0065999999999998993	9.90098963943095
0.0066099999999998989	9.9009896483565285
0.0066199999999998985	9.900989657108763
0.0066299999999998981	9.9009896656910161
0.0066399999999998977	9.9009896741065937
0.0066499999999998973	9.9009896823587287
0.0066599999999998969	9.900989690450599
0.0066699999999998965	9.900989698385315
0.0066799999999998961	9.9009897061659302
0.0066899999999998957	9.9009897137954361
0.0066999999999998953	9.9009897212767655
0.0067099999999998949	9.9009897286127995
0.0067199999999998945	9.900989735806359
0.0067299999999998941	9.9009897428602098
0.0067399999999998936	9.9009897497770698
0.0067499999999998932	9.9009897565595928
0.0067599999999998928	9.9009897632103918
0.0067699999999998924	9.9009897697320248
0.006779999999999892	9.900989776127
0.0067899999999998916	9.9009897823977759
0.0067999999999998912	9.9009897885467666
0.0068099999999998908	9.9009897945763345
0.0068199999999998904	9.9009898004888033
0.00682999999999989	9.900989806286443
0.0068399999999998896	9.9009898119714865
0.0068499999999998892	9.9009898175461206
0.0068599999999998888	9.9009898230124875
0.0068699999999998883	9.9009898283726923
0.0068799999999998879	9.9009898336287936
0.0068899999999998875	9.9009898387828148
0.0068999999999998871	9.9009898438367401
0.0069099999999998867	9.9009898487925128
0.0069199999999998863	9.9009898536520353
0.0069299999999998859	9.9009898584171818
0.0069399999999998855	9.9009898630897837
0.0069499999999998851	9.9009898676716386
0.0069599999999998847	9.9009898721645069
0.0069699999999998843	9.9009898765701188
0.0069799999999998839	9.9009898808901688
0.0069899999999998835	9.9009898851263163
0.0069999999999998831	9.9009898892801953
0.0070099999999998826	9.9009898933533993
0.0070199999999998822	9.9009898973474968
0.0070299999999998818	9.9009899012640243
0.0070399999999998814	9.9009899051044883
0.007049999999999881	9.9009899088703666
0.0070599999999998806	9.9009899125631069
0.0070699999999998802	9.9009899161841286
0.0070799999999998798	9.9009899197348261
0.0070899999999998794	9.9009899232165637
0.007099999999999879	9.900989926630686
0.0071099999999998786	9.9009899299784969
0.0071199999999998782	9.9009899332612914
0.0071299999999998778	9.9009899364803307
0.0071399999999998773	9.9009899396368493
0.0071499999999998769	9.9009899427320676
0.0071599999999998765	9.9009899457671739
0.0071699999999998761	9.9009899487433302
0.0071799999999998757	9.9009899516616908
0.0071899999999998753	9.9009899545233697
0.0071999999999998749	9.9009899573294735
0.0072099999999998745	9.9009899600810805
0.0072199999999998741	9.9009899627792457
0.0072299999999998737	9.9009899654250084
0.0072399999999998733	9.90098996801939
0.0072499999999998729	9.9009899705633817
0.0072599999999998725	9.9009899730579711
0.0072699999999998721	9.9009899755041086
0.0072799999999998716	9.900989977902741
0.0072899999999998712	9.9009899802547885
0.0072999999999998708	9.9009899825611551
0.0073099999999998704	9.900989984822731
0.00731999999999987	9.9009899870403846
0.0073299999999998696	9.9009899892149669
0.0073399999999998692	9.9009899913473181
0.0073499999999998688	9.9009899934382553
0.0073599999999998684	9.9009899954885849
0.007369999999999868	9.900989997499094
0.0073799999999998676	9.900989999470557
0.0073899999999998672	9.9009900014037306
0.0073999999999998668	9.9009900032993592
0.0074099999999998663	9.9009900051581745
0.0074199999999998659	9.9009900069808889
0.0074299999999998655	9.9009900087682023
0.0074399999999998651	9.9009900105208057
0.0074499999999998647	9.9009900122393724
0.0074599999999998643	9.9009900139245595
0.0074699999999998639	9.9009900155770207
0.0074799999999998635	9.9009900171973868
0.0074899999999998631	9.9009900187862865
0.0074999999999998627	9.9009900203443255
0.0075099999999998623	9.9009900218721061
0.0075199999999998619	9.9009900233702144
0.0075299999999998615	9.9009900248392295
0.007539999999999861	9.9009900262797146
0.0075499999999998606	9.900990027692222
0.0075599999999998602	9.9009900290772972
0.0075699999999998598	9.900990030435473
0.0075799999999998594	9.9009900317672717
0.007589999999999859	9.900990033073203
0.0075999999999998586	9.9009900343537751
0.0076099999999998582	9.9009900356094764
0.0076199999999998578	9.9009900368407884
0.0076299999999998574	9.900990038048187
0.007639999999999857	9.9009900392321377
0.0076499999999998566	9.9009900403930953
0.0076599999999998562	9.900990041531502
0.0076699999999998558	9.9009900426478019
0.0076799999999998553	9.9009900437424232
0.0076899999999998549	9.900990044815785
0.0076999999999998545	9.9009900458682996
0.0077099999999998541	9.9009900469003735
0.0077199999999998537	9.9009900479124031
0.0077299999999998533	9.9009900489047791
0.0077399999999998529	9.9009900498778816
0.0077499999999998525	9.9009900508320836
0.0077599999999998521	9.9009900517677565
0.0077699999999998517	9.9009900526852537
0.0077799999999998513	9.9009900535849358
0.0077899999999998509	9.9009900544671421
0.0077999999999998505	9.9009900553322172
0.00780999999999985	9.9009900561804915
0.0078199999999998496	9.9009900570122902
0.0078299999999998492	9.9009900578279346
0.0078399999999998488	9.9009900586277375
0.0078499999999998484	9.9009900594120079
0.007859999999999848	9.9009900601810479
0.0078699999999998476	9.9009900609351504
0.0078799999999998472	9.9009900616746087
0.0078899999999998468	9.9009900623997051
0.0078999999999998464	9.9009900631107186
0.007909999999999846	9.9009900638079245
0.0079199999999998456	9.9009900644915891
0.0079299999999998452	9.9009900651619773
0.0079399999999998448	9.900990065819343
0.0079499999999998443	9.9009900664639439
0.0079599999999998439	9.9009900670960267
0.0079699999999998435	9.9009900677158331
0.0079799999999998431	9.9009900683236012
0.0079899999999998427	9.9009900689195653
0.0079999999999998423	9.9009900695039583
0.0080099999999998419	9.9009900700769986
0.0080199999999998415	9.90099007063891
0.0080299999999998411	9.9009900711899093
0.0080399999999998407	9.9009900717302077
0.0080499999999998403	9.9009900722600115
0.0080599999999998399	9.9009900727795266
0.0080699999999998395	9.900990073288952
0.008079999999999839	9.9009900737884831
0.0080899999999998386	9.9009900742783152
0.0080999999999998382	9.9009900747586315
0.0081099999999998378	9.90099007522962
0.0081199999999998374	9.9009900756914622
0.008129999999999837	9.9009900761443355
0.0081399999999998366	9.9009900765884122
0.0081499999999998362	9.900990077023863
0.0081599999999998358	9.9009900774508584
0.0081699999999998354	9.9009900778695616
0.008179999999999835	9.9009900782801328
0.0081899999999998346	9.9009900786827298
0.0081999999999998342	9.9009900790775092
0.0082099999999998338	9.90099007946462
0.0082199999999998333	9.9009900798442114
0.0082299999999998329	9.9009900802164328
0.0082399999999998325	9.9009900805814244
0.0082499999999998321	9.9009900809393283
0.0082599999999998317	9.9009900812902796
0.0082699999999998313	9.9009900816344167
0.0082799999999998309	9.9009900819718695
0.0082899999999998305	9.9009900823027692
0.0082999999999998301	9.9009900826272421
0.0083099999999998297	9.9009900829454125
0.0083199999999998293	9.9009900832574047
0.0083299999999998289	9.9009900835633378
0.0083399999999998285	9.9009900838633289
0.008349999999999828	9.9009900841574936
0.0083599999999998276	9.9009900844459455
0.0083699999999998272	9.9009900847287931
0.0083799999999998268	9.9009900850061499
0.0083899999999998264	9.9009900852781207
0.008399999999999826	9.900990085544807
0.0084099999999998256	9.9009900858063151
0.0084199999999998252	9.9009900860627447
0.0084299999999998248	9.9009900863141951
0.0084399999999998244	9.9009900865607605
0.008449999999999824	9.9009900868025387
0.0084599999999998236	9.9009900870396201
0.0084699999999998232	9.9009900872720973
0.0084799999999998227	9.9009900875000607
0.0084899999999998223	9.9009900877235939
0.0084999999999998219	9.9009900879427875
0.0085099999999998215	9.9009900881577249
0.0085199999999998211	9.9009900883684878
0.0085299999999998207	9.9009900885751563
0.0085399999999998203	9.9009900887778102
0.0085499999999998199	9.9009900889765312
0.0085599999999998195	9.9009900891713905
0.0085699999999998191	9.9009900893624661
0.0085799999999998187	9.9009900895498308
0.0085899999999998183	9.9009900897335577
0.0085999999999998179	9.9009900899137158
0.0086099999999998175	9.9009900900903745
0.008619999999999817	9.900990090263603
0.0086299999999998166	9.9009900904334653
0.0086399999999998162	9.9009900906000308
0.0086499999999998158	9.9009900907633615
0.0086599999999998154	9.9009900909235178
0.008669999999999815	9.9009900910805655
0.0086799999999998146	9.9009900912345632
0.0086899999999998142	9.9009900913855695
0.0086999999999998138	9.9009900915336413
0.0087099999999998134	9.9009900916788407
0.008719999999999813	9.9009900918212193
0.0087299999999998126	9.900990091960832
0.0087399999999998122	9.9009900920977323
0.0087499999999998117	9.9009900922319769
0.0087599999999998113	9.9009900923636103
0.0087699999999998109	9.900990092492691
0.0087799999999998105	9.9009900926192618
0.0087899999999998101	9.9009900927433758
0.0087999999999998097	9.9009900928650794
0.0088099999999998093	9.9009900929844186
0.0088199999999998089	9.9009900931014432
0.0088299999999998085	9.9009900932161923
0.0088399999999998081	9.900990093328712
0.0088499999999998077	9.9009900934390469
0.0088599999999998073	9.9009900935472395
0.0088699999999998069	9.9009900936533324
0.0088799999999998065	9.9009900937573629
0.008889999999999806	9.9009900938593738
0.0088999999999998056	9.9009900939594022
0.0089099999999998052	9.9009900940574891
0.0089199999999998048	9.9009900941536717
0.0089299999999998044	9.9009900942479856
0.008939999999999804	9.9009900943404663
0.0089499999999998036	9.9009900944311529
0.0089599999999998032	9.9009900945200773
0.0089699999999998028	9.9009900946072751
0.0089799999999998024	9.9009900946927782
0.008989999999999802	9.9009900947766241
0.0089999999999998016	9.9009900948588392
0.0090099999999998012	9.9009900949394574
0.0090199999999998007	9.9009900950185106
0.0090299999999998003	9.9009900950960272
0.0090399999999997999	9.9009900951720393
0.0090499999999997995	9.900990095246577
0.0090599999999997991	9.9009900953196635
0.0090699999999997987	9.9009900953913323
0.0090799999999997983	9.9009900954616104
0.0090899999999997979	9.9009900955305223
0.0090999999999997975	9.900990095598095
0.0091099999999997971	9.9009900956643584
0.0091199999999997967	9.9009900957293322
0.0091299999999997963	9.900990095793043
0.0091399999999997959	9.9009900958555193
0.0091499999999997954	9.9009900959167823
0.009159999999999795	9.9009900959768533
0.0091699999999997946	9.9009900960357591
0.0091799999999997942	9.9009900960935209
0.0091899999999997938	9.90099009615016
0.0091999999999997934	9.9009900962056996
0.009209999999999793	9.9009900962601609
0.0092199999999997926	9.9009900963135635
0.0092299999999997922	9.9009900963659287
0.0092399999999997918	9.9009900964172779
0.0092499999999997914	9.9009900964676305
0.009259999999999791	9.9009900965170043
0.0092699999999997906	9.900990096565419
0.0092799999999997902	9.9009900966128939
0.0092899999999997897	9.9009900966594468
0.0092999999999997893	9.9009900967050957
0.0093099999999997889	9.9009900967498581
0.0093199999999997885	9.9009900967937519
0.0093299999999997881	9.9009900968367894
0.0093399999999997877	9.9009900968789957
0.0093499999999997873	9.9009900969203795
0.0093599999999997869	9.9009900969609621
0.0093699999999997865	9.9009900970007525
0.0093799999999997861	9.9009900970397737
0.0093899999999997857	9.9009900970780347
0.0093999999999997853	9.9009900971155549
0.0094099999999997849	9.900990097152345
0.0094199999999997844	9.900990097188421
0.009429999999999784	9.9009900972237972
0.0094399999999997836	9.9009900972584841
0.0094499999999997832	9.9009900972924996
0.0094599999999997828	9.9009900973258542
0.0094699999999997824	9.9009900973585587
0.009479999999999782	9.9009900973906309
0.0094899999999997816	9.9009900974220795
0.0094999999999997812	9.900990097452917
0.0095099999999997808	9.9009900974831559
0.0095199999999997804	9.9009900975128069
0.00952999999999978	9.9009900975418805
0.0095399999999997796	9.9009900975703928
0.0095499999999997792	9.9009900975983491
0.0095599999999997787	9.9009900976257637
0.0095699999999997783	9.9009900976526453
0.0095799999999997779	9.9009900976790046
0.0095899999999997775	9.9009900977048524
0.0095999999999997771	9.9009900977301974
0.0096099999999997767	9.9009900977550505
0.0096199999999997763	9.9009900977794221
0.0096299999999997759	9.9009900978033176
0.0096399999999997755	9.9009900978267513
0.0096499999999997751	9.9009900978497303
0.0096599999999997747	9.9009900978722616
0.0096699999999997743	9.9009900978943559
0.0096799999999997739	9.9009900979160204
0.0096899999999997734	9.9009900979372674
0.009699999999999773	9.9009900979580969
0.0097099999999997726	9.900990097978525
0.0097199999999997722	9.9009900979985552
0.0097299999999997718	9.9009900980181982
0.0097399999999997714	9.9009900980374574
0.009749999999999771	9.9009900980563437
0.0097599999999997706	9.9009900980748622
0.0097699999999997702	9.9009900980930219
0.0097799999999997698	9.9009900981108281
0.0097899999999997694	9.9009900981282897
0.009799999999999769	9.900990098145412
0.0098099999999997686	9.9009900981622003
0.0098199999999997682	9.9009900981786636
0.0098299999999997677	9.9009900981948071
0.0098399999999997673	9.900990098210638
0.0098499999999997669	9.9009900982261616
0.0098599999999997665	9.9009900982413814
0.0098699999999997661	9.9009900982563082
0.0098799999999997657	9.9009900982709436
0.0098899999999997653	9.9009900982852947
0.0098999999999997649	9.900990098299367
0.0099099999999997645	9.9009900983131658
0.0099199999999997641	9.9009900983266981
0.0099299999999997637	9.9009900983399657
0.0099399999999997633	9.9009900983529775
0.0099499999999997629	9.9009900983657353
0.0099599999999997624	9.9009900983782462
0.009969999999999762	9.9009900983905137
0.0099799999999997616	9.9009900984025432
0.0099899999999997612	9.90099009841434
0.0099999999999997608	9.9009900984259041
