Time	V(R1)
0.0001	0.99007450310635858
0.00020000000000000001	0.9802230155132603
0.00030000000000000003	0.97046955267233215
0.00040000000000000002	0.96081313921290579
0.00050000000000000001	0.95125280946949364
0.00060000000000000006	0.94178760738521994
0.0007000000000000001	0.93241658641621261
0.00080000000000000015	0.92313880943694659
0.00090000000000000019	0.913953348646529
0.0010000000000000002	0.90485928547591654
0.0011000000000000003	0.8958557104960565
0.0012000000000000003	0.88694172332694143
0.0013000000000000004	0.87811643254756877
0.0014000000000000004	0.86937895560679679
0.0015000000000000005	0.86072841873508721
0.0016000000000000005	0.85216395685712598
0.0017000000000000006	0.8436847135053136
0.0018000000000000006	0.83528984073411627
0.0019000000000000006	0.82697849903526921
0.0020000000000000005	0.81874985725382365
0.0021000000000000003	0.81060309250502927
0.0022000000000000001	0.80253739009204372
0.0023	0.794551943424461
0.0023999999999999998	0.78664595393765024
0.0024999999999999996	0.77881863101289728
0.0025999999999999994	0.77106919189834089
0.0026999999999999993	0.76339686163069564
0.0027999999999999991	0.75580087295775333
0.0028999999999999989	0.74828046626165623
0.0029999999999999988	0.74083488948293308
0.0030999999999999986	0.73346339804529181
0.0031999999999999984	0.72616525478115945
0.0032999999999999982	0.71893972985796384
0.0033999999999999981	0.71178610070514825
0.0034999999999999979	0.70470365194191287
0.0035999999999999977	0.69769167530567477
0.0036999999999999976	0.69074946958124006
0.0037999999999999974	0.68387634053068025
0.0038999999999999972	0.67707160082390705
0.0039999999999999975	0.67033456996993768
0.0040999999999999977	0.66366457424884362
0.004199999999999998	0.65706094664437731
0.0042999999999999983	0.65052302677726892
0.0043999999999999985	0.64405016083918654
0.0044999999999999988	0.63764170152735367
0.0045999999999999991	0.63129700797981769
0.0046999999999999993	0.62501544571136169
0.0047999999999999996	0.61879638655005442
0.0048999999999999998	0.61263920857443188
0.0050000000000000001	0.60654329605130308
0.0051000000000000004	0.60050803937417552
0.0052000000000000006	0.59453283500229315
0.0053000000000000009	0.58861708540028013
0.0054000000000000012	0.5827601989783866
0.0055000000000000014	0.57696159003332781
0.0056000000000000017	0.57122067868971238
0.0057000000000000019	0.5655368908420535
0.0058000000000000022	0.55990965809735638
0.0059000000000000025	0.55433841771827796
0.0060000000000000027	0.54882261256685227
0.006100000000000003	0.54336169104877396
0.0062000000000000033	0.53795510705823868
0.0063000000000000035	0.53260231992333085
0.0064000000000000038	0.52730279435195426
0.006500000000000004	0.5220560003783028
0.0066000000000000043	0.51686141330986191
0.0067000000000000046	0.51171851367493781
0.0068000000000000048	0.50662678717070941
0.0069000000000000051	0.50158572461179673
0.0070000000000000053	0.49659482187934095
0.0071000000000000056	0.49165357987059133
0.0072000000000000059	0.48676150444899335
0.0073000000000000061	0.48191810639477439
0.0074000000000000064	0.47712290135602031
0.0075000000000000067	0.47237540980023895
0.0076000000000000069	0.46767515696640571
0.0077000000000000072	0.46302167281748641
0.0078000000000000074	0.45841449199343176
0.0079000000000000077	0.4538531537646413
0.0080000000000000071	0.44933720198588867
0.0081000000000000065	0.44486618505070563
0.0082000000000000059	0.44043965584622102
0.0083000000000000053	0.43605717170844771
0.0084000000000000047	0.43171829437801534
0.0085000000000000041	0.42742258995634341
0.0086000000000000035	0.42316962886225029
0.0087000000000000029	0.41895898578899393
0.0088000000000000023	0.41479023966174022
0.0089000000000000017	0.41066297359545412
0.0090000000000000011	0.40657677485321064
0.0091000000000000004	0.40253123480492004
0.0091999999999999998	0.39852594888646309
0.0092999999999999992	0.39456051655923452
0.0093999999999999986	0.39063454127008779
0.009499999999999998	0.38674763041167881
0.0095999999999999974	0.38289939528320427
0.0096999999999999968	0.37908945105153069
0.0097999999999999962	0.37531741671270935
0.0098999999999999956	0.37158291505387653
0.009999999999999995	0.36788557261552934
0.010099999999999994	0.36422501965418075
0.010199999999999994	0.36060089010538288
0.010299999999999993	0.35701282154712033
0.010399999999999993	0.35346045516356672
0.010499999999999992	0.34994343570920272
0.010599999999999991	0.34646141147329024
0.010699999999999991	0.34301403424470023
0.01079999999999999	0.33960095927709111
0.01089999999999999	0.33622184525443344
0.010999999999999989	0.33287635425687678
0.011099999999999988	0.32956415172695752
0.011199999999999988	0.32628490643614216
0.011299999999999987	0.32303829045170296
0.011399999999999987	0.31982397910392479
0.011499999999999986	0.31664165095363683
0.011599999999999985	0.31349098776006823
0.011699999999999985	0.31037167444902269
0.011799999999999984	0.3072833990813707
0.011899999999999984	0.30422585282185455
0.011999999999999983	0.30119872990820418
0.012099999999999982	0.29820172762056052
0.012199999999999982	0.2952345462512016
0.012299999999999981	0.29229688907457263
0.01239999999999998	0.28938846231761162
0.01249999999999998	0.28650897513037143
0.012599999999999979	0.28365813955693508
0.012699999999999979	0.28083567050661706
0.012799999999999978	0.27804128572545661
0.012899999999999977	0.27527470576798929
0.012999999999999977	0.27253565396930268
0.013099999999999976	0.26982385641736939
0.013199999999999976	0.26713904192565441
0.013299999999999975	0.26448094200599603
0.013399999999999974	0.26184929084175723
0.013499999999999974	0.25924382526124223
0.013599999999999973	0.25666428471137903
0.013699999999999973	0.25411041123166389
0.013799999999999972	0.25158194942836365
0.013899999999999971	0.24907864644897693
0.013999999999999971	0.24660025195694724
0.01409999999999997	0.24414651810662935
0.01419999999999997	0.24171719951850368
0.014299999999999969	0.23931205325463789
0.014399999999999968	0.23693083879439258
0.014499999999999968	0.23457331801036896
0.014599999999999967	0.23223925514459387
0.014699999999999967	0.22992841678494613
0.014799999999999966	0.22764057184181241
0.014899999999999965	0.22537549152497827
0.014999999999999965	0.22313294932074956
0.015099999999999964	0.22091272096929926
0.015199999999999964	0.21871458444224146
0.015299999999999963	0.21653831992042805
0.015399999999999962	0.21438370977196608
0.015499999999999962	0.21225053853045395
0.015599999999999961	0.2101385928734345
0.015699999999999961	0.20804766160106214
0.01579999999999996	0.205977535614982
0.015899999999999959	0.20392800789741994
0.015999999999999959	0.20189887349048041
0.016099999999999958	0.19988992947564976
0.016199999999999957	0.19790097495350412
0.016299999999999957	0.19593181102361856
0.016399999999999956	0.19398224076467707
0.016499999999999956	0.1920520692147798
0.016599999999999955	0.19014110335194612
0.016699999999999954	0.18824915207481241
0.016799999999999954	0.18637602618352067
0.016899999999999953	0.1845215383607991
0.016999999999999953	0.18268550315322918
0.017099999999999952	0.18086773695269931
0.017199999999999951	0.17906805797804581
0.017299999999999951	0.17728628625687126
0.01739999999999995	0.17552224360754909
0.01749999999999995	0.17377575362140418
0.017599999999999949	0.17204664164507166
0.017699999999999948	0.17033473476303096
0.017799999999999948	0.16863986178031443
0.017899999999999947	0.16696185320538592
0.017999999999999947	0.16530054123319271
0.018099999999999946	0.16365575972838498
0.018199999999999945	0.16202734420869946
0.018299999999999945	0.1604151318285133
0.018399999999999944	0.15881896136255769
0.018499999999999944	0.1572386731897959
0.018599999999999943	0.15567410927745962
0.018699999999999942	0.15412511316524591
0.018799999999999942	0.15259152994967118
0.018899999999999941	0.15107320626857978
0.018999999999999941	0.14956999028580764
0.01909999999999994	0.14808173167599858
0.019199999999999939	0.14660828160957073
0.019299999999999939	0.14514949273783351
0.019399999999999938	0.14370521917825296
0.019499999999999938	0.14227531649986225
0.019599999999999937	0.14085964170881893
0.019699999999999936	0.1394580532341041
0.019799999999999936	0.13807041091336703
0.019899999999999935	0.13669657597890572
0.019999999999999934	0.13533641104379213
0.020099999999999934	0.13398978008813223
0.020199999999999933	0.13265654844546437
0.020299999999999933	0.13133658278929061
0.020399999999999932	0.13002975111974524
0.020499999999999931	0.12873592275039458
0.020599999999999931	0.12745496829516656
0.02069999999999993	0.12618675965541382
0.02079999999999993	0.12493117000710119
0.020899999999999929	0.12368807378812507
0.020999999999999928	0.12245734668575559
0.021099999999999928	0.12123886562420583
0.021199999999999927	0.12003250875232319
0.021299999999999927	0.11883815543140464
0.021399999999999926	0.11765568622313205
0.021499999999999925	0.11648498287762832
0.021599999999999925	0.11532592832163202
0.021699999999999924	0.1141784066467898
0.021799999999999924	0.1130423030980654
0.021899999999999923	0.11191750406226397
0.021999999999999922	0.11080389705666926
0.022099999999999922	0.10970137071779684
0.022199999999999921	0.10860981479025655
0.022299999999999921	0.10752912011572646
0.02239999999999992	0.10645917862203769
0.022499999999999919	0.10539988331236549
0.022599999999999919	0.10435112825453108
0.022699999999999918	0.10331280857040626
0.022799999999999918	0.10228482042542697
0.022899999999999917	0.10126706101820881
0.022999999999999916	0.10025942857026615
0.023099999999999916	0.099261822315835802
0.023199999999999915	0.098274142491797334
0.023299999999999915	0.097296290327700041
0.023399999999999914	0.096328168035882067
0.023499999999999913	0.095369678801694113
0.023599999999999913	0.094420726773816521
0.023699999999999912	0.093481217054674048
0.023799999999999912	0.092551055690945905
0.023899999999999911	0.091630149664169935
0.02399999999999991	0.090718406881441727
0.02409999999999991	0.089815736166203308
0.024199999999999909	0.088922047249126668
0.024299999999999908	0.08803725075908575
0.024399999999999908	0.087161258214219273
0.024499999999999907	0.086293982013082915
0.024599999999999907	0.085435335425888104
0.024699999999999906	0.084585232585829506
0.024799999999999905	0.083743588480497788
0.024899999999999905	0.082910318943378747
0.024999999999999904	0.082085340645434712
0.025099999999999904	0.081268571086773655
0.025199999999999903	0.080459928588397678
0.025299999999999902	0.079659332284035544
0.025399999999999902	0.078866702112054932
0.025499999999999901	0.078081958807457275
0.025599999999999901	0.077305023893950331
0.0256999999999999	0.076535819676100236
0.025799999999999899	0.075774269231562053
0.025899999999999899	0.075020296403387254
0.025999999999999898	0.074273825792408266
0.026099999999999898	0.073534782749697714
0.026199999999999897	0.072803093369103511
0.026299999999999896	0.072078684479858657
0.026399999999999896	0.07136148363926309
0.026499999999999895	0.070651419125439596
0.026599999999999895	0.069948419930161321
0.026699999999999894	0.069252415751751895
0.026799999999999893	0.068563336988052725
0.026899999999999893	0.067881114729465231
0.026999999999999892	0.067205680752057573
0.027099999999999892	0.06653696751074345
0.027199999999999891	0.065874908132527388
0.02729999999999989	0.065219436409815645
0.02739999999999989	0.064570486793797399
0.027499999999999889	0.063927994387888987
0.027599999999999889	0.063291894941243321
0.027699999999999888	0.062662124842325473
0.027799999999999887	0.062038621112551207
0.027899999999999887	0.061421321399988349
0.027999999999999886	0.060810163973122777
0.028099999999999885	0.060205087714683692
0.028199999999999885	0.059606032115532726
0.028299999999999884	0.05901293726861212
0.028399999999999884	0.058425743862954294
0.028499999999999883	0.057844393177750697
0.028599999999999882	0.057268827076479512
0.028699999999999882	0.056698988001091633
0.028799999999999881	0.056134818966255051
0.028899999999999881	0.055576263553655636
0.02899999999999988	0.055023265906355534
0.029099999999999879	0.054475770723207639
0.029199999999999879	0.053933723253324906
0.029299999999999878	0.053397069290605281
0.029399999999999878	0.052865755168310713
0.029499999999999877	0.05233972775370066
0.029599999999999876	0.051818934442718456
0.029699999999999876	0.051303323154731295
0.029799999999999875	0.050792842327320953
0.029899999999999875	0.0502874409111288
0.029999999999999874	0.049787068364749332
0.030099999999999873	0.049291674649676986
0.030199999999999873	0.048801210225302039
0.030299999999999872	0.048315626043955673
0.030399999999999872	0.047834873546005907
0.030499999999999871	0.047358904655000922
0.03059999999999987	0.046887671772861572
0.03069999999999987	0.046421127775121751
0.030799999999999869	0.045959226006215159
0.030899999999999869	0.045501920274810259
0.030999999999999868	0.045049164849190193
0.031099999999999867	0.044600914452680773
0.031199999999999867	0.044157124259121883
0.03129999999999987	0.043717749888384505
0.031399999999999872	0.043282747401932831
0.031499999999999875	0.042852073298430993
0.031599999999999878	0.042425684509391881
0.031699999999999881	0.042003538394870366
0.031799999999999884	0.041585592739199928
0.031899999999999887	0.04117180574677004
0.03199999999999989	0.04076213603784673
0.032099999999999893	0.040356542644435445
0.032199999999999895	0.03995498500618222
0.032299999999999898	0.0395574229663197
0.032399999999999901	0.039163816767649573
0.032499999999999904	0.038774127048568308
0.032599999999999907	0.038388314839129967
0.03269999999999991	0.03800634155714866
0.032799999999999913	0.037628169004341072
0.032899999999999915	0.037253759362506966
0.032999999999999918	0.036883075189746095
0.033099999999999921	0.036516079416713754
0.033199999999999924	0.03615273534291541
0.033299999999999927	0.035793006633035418
0.03339999999999993	0.035436857313303705
0.033499999999999933	0.035084251767897756
0.033599999999999935	0.034735154735381357
0.033699999999999938	0.034389531305178633
0.033799999999999941	0.03404734691408251
0.033899999999999944	0.033708567342798146
0.033999999999999947	0.033373158712521667
0.03409999999999995	0.033041087481551212
0.034199999999999953	0.032712320441933729
0.034299999999999956	0.032386824716143181
0.034399999999999958	0.032064567753793516
0.034499999999999961	0.031745517328382822
0.034599999999999964	0.031429641534070685
0.034699999999999967	0.03111690878248774
0.03479999999999997	0.030807287799577421
0.034899999999999973	0.03050074762246735
0.034999999999999976	0.030197257596373372
0.035099999999999978	0.029896787371533784
0.035199999999999981	0.029599306900175315
0.035299999999999984	0.029304786433506647
0.035399999999999987	0.029013196518745454
0.03549999999999999	0.028724507996170767
0.035599999999999993	0.028438691996208743
0.035699999999999996	0.028155719936545087
0.035799999999999998	0.027875563519266122
0.035900000000000001	0.027598194728029712
0.036000000000000004	0.027323585825263175
0.036100000000000007	0.02705170934938983
0.03620000000000001	0.026782538112082532
0.036300000000000013	0.026516045195544402
0.036400000000000016	0.026252203949817421
0.036500000000000019	0.025990987990117675
0.036600000000000021	0.025732371194196024
0.036700000000000024	0.025476327699726742
0.036800000000000027	0.025222831901719145
0.03690000000000003	0.02497185844996086
0.037000000000000033	0.024723382246478853
0.037100000000000036	0.024477378443031439
0.037200000000000039	0.024233822438623376
0.037300000000000041	0.023992689877044948
0.037400000000000044	0.023753956644437579
0.037500000000000047	0.023517598866880762
0.03760000000000005	0.02328359290800619
0.037700000000000053	0.023051915366633202
0.037800000000000056	0.02282254307442777
0.037900000000000059	0.022595453093587681
0.038000000000000062	0.022370622714547039
0.038100000000000064	0.022148029453705642
0.038200000000000067	0.021927651051181329
0.03830000000000007	0.021709465468582545
0.038400000000000073	0.021493450886805543
0.038500000000000076	0.021279585703852133
0.038600000000000079	0.021067848532669631
0.038700000000000082	0.020858218199011125
0.038800000000000084	0.020650673739319503
0.038900000000000087	0.020445194398629574
0.03900000000000009	0.020241759628493949
0.039100000000000093	0.020040349084926801
0.039200000000000096	0.019840942626370373
0.039300000000000099	0.019643520311680041
0.039400000000000102	0.019448062398131349
0.039500000000000104	0.019254549339443261
0.039600000000000107	0.019062961783826715
0.03970000000000011	0.018873280572047513
0.039800000000000113	0.018685486735509738
0.039900000000000116	0.018499561494360606
0.040000000000000119	0.018315486255610636
0.040100000000000122	0.018133242611276468
0.040200000000000125	0.017952812336537338
0.040300000000000127	0.01777417738791498
0.04040000000000013	0.017597319901468178
0.040500000000000133	0.017422222191005643
0.040600000000000136	0.017248866746319091
0.040700000000000139	0.017077236231430537
0.040800000000000142	0.016907313482859232
0.040900000000000145	0.016739081507905373
0.041000000000000147	0.01657252348295124
0.04110000000000015	0.016407622751777651
0.041200000000000153	0.016244362823899405
0.041300000000000156	0.016082727372915495
0.041400000000000159	0.015922700234876408
0.041500000000000162	0.015764265406668754
0.041600000000000165	0.015607407044413435
0.041700000000000167	0.015452109461881913
0.04180000000000017	0.015298357128927687
0.041900000000000173	0.015146134669933198
0.042000000000000176	0.014995426862271843
0.042100000000000179	0.014846218634786412
0.042200000000000182	0.014698495066280959
0.042300000000000185	0.01455224138402933
0.042400000000000188	0.014407442962297456
0.04250000000000019	0.014264085320881636
0.042600000000000193	0.014122154123658803
0.042700000000000196	0.013981635177154783
0.042800000000000199	0.013842514429123542
0.042900000000000202	0.01370477796714209
0.043000000000000205	0.013568412017220477
0.043100000000000208	0.013433402942422124
0.04320000000000021	0.013299737241502463
0.043300000000000213	0.013167401547557023
0.043400000000000216	0.013036382626685938
0.043500000000000219	0.012906667376669012
0.043600000000000222	0.012778242825657204
0.043700000000000225	0.01265109613087434
0.043800000000000228	0.012525214577333021
0.043900000000000231	0.01240058557656365
0.044000000000000233	0.012277196665354095
0.044100000000000236	0.012155035504504919
0.044200000000000239	0.012034089877594356
0.044300000000000242	0.01191434768975741
0.044400000000000245	0.011795796966476146
0.044500000000000248	0.011678425852382102
0.044600000000000251	0.011562222610069894
0.044700000000000253	0.011447175618925165
0.044800000000000256	0.011333273373960728
0.044900000000000259	0.011220504484667493
0.045000000000000262	0.011108857673874817
0.045100000000000265	0.010998321776622411
0.045200000000000268	0.010888885739044118
0.045300000000000271	0.010780538617262692
0.045400000000000273	0.010673269576294997
0.045500000000000276	0.010567067888968662
0.045600000000000279	0.010461922934849932
0.045700000000000282	0.010357824199179633
0.045800000000000285	0.010254761271824564
0.045900000000000288	0.010152723846234113
0.046000000000000291	0.010051701718410744
0.046100000000000294	0.0099516847858890367
0.046200000000000296	0.0098526630467261622
0.046300000000000299	0.0097546265985000158
0.046400000000000302	0.0096575656373212304
0.046500000000000305	0.0095614704568501852
0.046600000000000308	0.0094663314473292237
0.046700000000000311	0.009372139094619758
0.046800000000000314	0.009278883979250141
0.046900000000000316	0.0091865567754764177
0.047000000000000319	0.0090951482503472958
0.047100000000000322	0.00900464926278155
0.047200000000000325	0.0089150507626543085
0.047300000000000328	0.0088263437898918884
0.047400000000000331	0.0087385194735745131
0.047500000000000334	0.0086515690310512428
0.047600000000000336	0.0085654837670608996
0.047700000000000339	0.0084802550728612092
0.047800000000000342	0.0083958744253701534
0.047900000000000345	0.0083123333863116544
0.048000000000000348	0.0082296236013733592
0.048100000000000351	0.0081477367993697536
0.048200000000000354	0.0080666647914157119
0.048300000000000357	0.007986399470108041
0.048400000000000359	0.0079069328087139068
0.048500000000000362	0.0078282568603684766
0.048600000000000365	0.0077503637572799988
0.048700000000000368	0.0076732457099438767
0.048800000000000371	0.007596895006362403
0.048900000000000374	0.0075213040112743768
0.049000000000000377	0.0074464651653907143
0.049100000000000379	0.0073723709846406082
0.049200000000000382	0.0072990140594204611
0.049300000000000385	0.0072263870538539221
0.049400000000000388	0.0071544827050592508
0.049500000000000391	0.0070832938224218989
0.049600000000000394	0.0070128132868754189
0.049700000000000397	0.0069430340501901444
0.0498000000000004	0.0068739491342676429
0.049900000000000402	0.0068055516304439401
0.050000000000000405	0.006737834698797851
0.050100000000000408	0.0066707915674667495
0.050200000000000411	0.0066044155319696651
0.050300000000000414	0.0065386999545370417
0.050400000000000417	0.0064736382634471568
0.05050000000000042	0.0064092239523679817
0.050600000000000422	0.0063454505797074789
0.050700000000000425	0.0062823117679692286
0.050800000000000428	0.0062198012031137173
0.050900000000000431	0.0061579126339287305
0.051000000000000434	0.0060966398714019654
0.051100000000000437	0.0060359767881044135
0.05120000000000044	0.0059759173175757407
0.051300000000000442	0.005916455453719438
0.051400000000000445	0.0058575852501997483
0.051500000000000448	0.0057993008198493623
0.051600000000000451	0.0057415963340798903
0.051700000000000454	0.0056844660222979959
0.051800000000000457	0.0056279041713296341
0.05190000000000046	0.0055719051248486196
0.052000000000000463	0.0055164632828103022
0.052100000000000465	0.0054615731008915702
0.052200000000000468	0.0054072290899374043
0.052300000000000471	0.0053534258154106507
0.052400000000000474	0.0053001578968494556
0.052500000000000477	0.0052474200073285848
0.05260000000000048	0.0051952068729274048
0.052700000000000483	0.0051435132722018606
0.052800000000000485	0.0050923340356623381
0.052900000000000488	0.0050416640452579653
0.053000000000000491	0.004991498233862246
0.053100000000000494	0.0049418315847690186
0.053200000000000497	0.0048926591311893031
0.0533000000000005	0.004843975955754698
0.053400000000000503	0.004795777190025885
0.053500000000000505	0.004748058014005796
0.053600000000000508	0.0047008136556572211
0.053700000000000511	0.0046540393904267452
0.053800000000000514	0.0046077305407707936
0.053900000000000517	0.0045618824756885612
0.05400000000000052	0.0045164906102589386
0.054100000000000523	0.0044715504051818789
0.054200000000000526	0.0044270573663243162
0.054300000000000528	0.0043830070442715252
0.054400000000000531	0.0043393950338806997
0.054500000000000534	0.0042962169738420819
0.054600000000000537	0.0042534685462415345
0.05470000000000054	0.004211145476129774
0.054800000000000543	0.0041692435310936027
0.054900000000000546	0.0041277585208338019
0.055000000000000548	0.0040866862967459117
0.055100000000000551	0.0040460227515046743
0.055200000000000554	0.0040057638186538069
0.055300000000000557	0.003965905472199327
0.05540000000000056	0.0039264437262070961
0.055500000000000563	0.0038873746344042504
0.055600000000000566	0.0038486942897832943
0.055700000000000569	0.0038103988242134124
0.055800000000000571	0.0037724844080522235
0.055900000000000574	0.0037349472497630876
0.056000000000000577	0.0036977835955368521
0.05610000000000058	0.0036609897289145987
0.056200000000000583	0.0036245619704180498
0.056300000000000586	0.0035884966771800864
0.056400000000000589	0.0035527902425815938
0.056500000000000591	0.0035174390958891966
0.056600000000000594	0.0034824397019000974
0.056700000000000597	0.0034477885605878056
0.0568000000000006	0.0034134822067509729
0.056900000000000603	0.0033795172096687809
0.057000000000000606	0.0033458901727567714
0.057100000000000609	0.0033125977332266743
0.057200000000000611	0.0032796365617517864
0.057300000000000614	0.0032470033621323502
0.057400000000000617	0.0032146948709667056
0.05750000000000062	0.0031827078573251066
0.057600000000000623	0.0031510391224263135
0.057700000000000626	0.0031196854993175149
0.057800000000000629	0.0030886438525580262
0.057900000000000632	0.0030579110779057617
0.058000000000000634	0.0030274841020065946
0.058100000000000637	0.0029973598820862701
0.05820000000000064	0.0029675354056477588
0.058300000000000643	0.0029380076901687202
0.058400000000000646	0.0029087737828037419
0.058500000000000649	0.0028798307600893525
0.058600000000000652	0.0028511757276508121
0.058700000000000654	0.0028228058199130102
0.058800000000000657	0.0027947181998142501
0.05890000000000066	0.0027669100585222539
0.059000000000000663	0.0027393786151541644
0.059100000000000666	0.0027121211164959913
0.059200000000000669	0.002685134836729941
0.059300000000000672	0.0026584170771606352
0.059400000000000674	0.0026319651659449939
0.059500000000000677	0.0026057764578262255
0.05960000000000068	0.002579848333867707
0.059700000000000683	0.0025541782011925251
0.059800000000000686	0.0025287634927231295
0.059900000000000689	0.0025036016669248706
0.060000000000000692	0.0024786902075523143
0.060100000000000695	0.0024540266233974428
0.060200000000000697	0.0024296084480402991
0.0603000000000007	0.0024054332396018507
0.060400000000000703	0.0023814985805011846
0.060500000000000706	0.0023578020772127006
0.060600000000000709	0.0023343413600266372
0.060700000000000712	0.0023111140828123711
0.060800000000000715	0.0022881179227844939
0.060900000000000717	0.0022653505802692209
0.06100000000000072	0.0022428097784755741
0.061100000000000723	0.0022204932632668983
0.061200000000000726	0.0021983988029357082
0.061300000000000729	0.0021765241879808661
0.061400000000000732	0.0021548672308867589
0.061500000000000735	0.0021334257659025857
0.061600000000000737	0.0021121976488291949
0.06170000000000074	0.0020911807568009255
0.061800000000000743	0.002070372988076441
0.061900000000000746	0.0020497722618270098
0.062000000000000749	0.0020293765179282275
0.062100000000000752	0.0020091837167548476
0.062200000000000755	0.0019891918389761676
0.062300000000000758	0.001969398885354523
0.06240000000000076	0.0019498028765450037
0.062500000000000763	0.001930401852897945
0.062600000000000766	0.0019111938742620849
0.062700000000000769	0.0018921770197917187
0.062800000000000772	0.0018733493877539642
0.062900000000000775	0.0018547090953385803
0.063000000000000778	0.0018362542784692293
0.06310000000000078	0.0018179830916186246
0.063200000000000783	0.0017998937076222354
0.063300000000000786	0.0017819843174966543
0.063400000000000789	0.0017642531302575204
0.063500000000000792	0.00174669837274255
0.063600000000000795	0.0017293182894317916
0.063700000000000798	0.0017121111422730984
0.063800000000000801	0.001695075210509378
0.063900000000000803	0.0016782087905043985
0.064000000000000806	0.0016615101955742562
0.064100000000000809	0.0016449777558174006
0.064200000000000812	0.0016286098179483233
0.064300000000000815	0.0016124047451330226
0.064400000000000818	0.0015963609168230253
0.064500000000000821	0.0015804767285957366
0.064600000000000823	0.0015647505919925697
0.064700000000000826	0.0015491809343608498
0.064800000000000829	0.0015337661986954965
0.064900000000000832	0.0015185048434843695
0.065000000000000835	0.0015033953425542812
0.065100000000000838	0.001488436184917008
0.065200000000000841	0.0014736258746194109
0.065300000000000843	0.0014589629305931107
0.065400000000000846	0.001444445886507606
0.065500000000000849	0.0014300732906220581
0.065600000000000852	0.0014158437056408513
0.065700000000000855	0.0014017557085700405
0.065800000000000858	0.0013878078905744662
0.065900000000000861	0.0013739988568373107
0.066000000000000864	0.0013603272264207655
0.066100000000000866	0.0013467916321279194
0.066200000000000869	0.0013333907203655349
0.066300000000000872	0.0013201231510084899
0.066400000000000875	0.0013069875972671063
0.066500000000000878	0.0012939827455531461
0.066600000000000881	0.0012811072953485825
0.066700000000000884	0.0012683599590764816
0.066800000000000886	0.001255739461971328
0.066900000000000889	0.0012432445419516824
0.067000000000000892	0.0012308739494946153
0.067100000000000895	0.0012186264475095854
0.067200000000000898	0.0012065008112157605
0.067300000000000901	0.0011944958280197815
0.067400000000000904	0.0011826102973926389
0.067500000000000906	0.0011708430307521001
0.067600000000000909	0.0011591928513416949
0.067700000000000912	0.0011476585941144757
0.067800000000000915	0.0011362391056157772
0.067900000000000918	0.0011249332438684201
0.068000000000000921	0.0011137398782578023
0.068100000000000924	0.0011026578894195449
0.068200000000000927	0.0010916861691268043
0.068300000000000929	0.001080823620180249
0.068400000000000932	0.0010700691562978148
0.068500000000000935	0.0010594217020062358
0.068600000000000938	0.0010488801925334634
0.068700000000000941	0.0010384435737023079
0.068800000000000944	0.0010281108018247442
0.068900000000000947	0.0010178808435976627
0.069000000000000949	0.0010077526759998401
0.069100000000000952	0.00099772528618879974
0.069200000000000955	0.00098779767140066976
0.069300000000000958	0.0009779688388494856
0.069400000000000961	0.00096823780562704798
0.069500000000000964	0.0009586035986058894
0.069600000000000967	0.00094906525434124145
0.06970000000000097	0.00093962181897477848
0.069800000000000972	0.00093027234813924942
0.069900000000000975	0.00092101590686410884
0.070000000000000978	0.00091185156948236923
0.070100000000000981	0.00090277841953689819
0.070200000000000984	0.00089379554969093444
0.070300000000000987	0.00088490206163438501
0.07040000000000099	0.00087609706599645065
0.070500000000000992	0.0008673796822550317
0.070600000000000995	0.0008587490386504637
0.070700000000000998	0.0008502042720968106
0.070800000000001001	0.00084174452809593348
0.070900000000001004	0.00083336896065200339
0.071000000000001007	0.00082507673218779054
0.07110000000000101	0.00081686701345951018
0.071200000000001012	0.00080873898347488815
0.071300000000001015	0.00080069182941044925
0.071400000000001018	0.00079272474653047098
0.071500000000001021	0.00078483693810715849
0.071600000000001024	0.00077702761534015341
0.071700000000001027	0.0007692959972770419
0.07180000000000103	0.00076164131073686026
0.071900000000001033	0.00075406279023215728
0.072000000000001035	0.00074655967789161171
0.072100000000001038	0.00073913122338520321
0.072200000000001041	0.00073177668384893924
0.072300000000001044	0.00072449532381080317
0.072400000000001047	0.0007172864151160363
0.07250000000000105	0.00071014923685619458
0.072600000000001053	0.00070308307529554082
0.072700000000001055	0.00069608722379987942
0.072800000000001058	0.00068916098276694537
0.072900000000001061	0.00068230365955512795
0.073000000000001064	0.00067551456841541402
0.073100000000001067	0.00066879303042133298
0.07320000000000107	0.00066213837340223236
0.073300000000001073	0.00065554993187577626
0.073400000000001075	0.00064902704698122093
0.073500000000001078	0.00064256906641424472
0.073600000000001081	0.00063617534436044565
0.073700000000001084	0.00062984524143139264
0.073800000000001087	0.0006235781246010097
0.07390000000000109	0.00061737336714229318
0.074000000000001093	0.00061123034856369607
0.074100000000001096	0.00060514845454806565
0.074200000000001098	0.00059912707689080413
0.074300000000001101	0.00059316561343902841
0.074400000000001104	0.000587263468031618
0.074500000000001107	0.00058142005043937406
0.07460000000000111	0.00057563477630584448
0.074700000000001113	0.00056990706708903716
0.074800000000001116	0.00056423635000346639
0.074900000000001118	0.00055862205796386455
0.075000000000001121	0.00055306362952656229
0.075100000000001124	0.0005475605088347546
0.075200000000001127	0.00054211214556287857
0.07530000000000113	0.00053671799486099125
0.075400000000001133	0.00053137751730025773
0.075500000000001136	0.00052609017881943831
0.075600000000001139	0.000520855450672153
0.075700000000001141	0.00051567280937181437
0.075800000000001144	0.00051054173664155655
0.075900000000001147	0.00050546171936172168
0.07600000000000115	0.00050043224951723531
0.076100000000001153	0.00049545282414875658
0.076200000000001156	0.00049052294530149698
0.076300000000001159	0.0004856421199752603
0.076400000000001161	0.00048080986007503768
0.076500000000001164	0.00047602568236304599
0.076600000000001167	0.00047128910840910088
0.07670000000000117	0.00046659966454443147
0.076800000000001173	0.00046195688181271954
0.076900000000001176	0.00045736029592402527
0.077000000000001179	0.00045280944720860195
0.077100000000001181	0.00044830388056948944
0.077200000000001184	0.00044384314543965964
0.077300000000001187	0.00043942679573349963
0.07740000000000119	0.0004350543898056225
0.077500000000001193	0.000430725490404682
0.077600000000001196	0.00042643966462951877
0.077700000000001199	0.00042219648388697184
0.077800000000001202	0.0004179955238482469
0.077900000000001204	0.00041383636440694982
0.078000000000001207	0.00040971858963656516
0.07810000000000121	0.00040564178774982196
0.078200000000001213	0.00040160555105561713
0.078300000000001216	0.00039760947592071272
0.078400000000001219	0.00039365316272732542
0.078500000000001222	0.00038973621583449081
0.078600000000001224	0.00038585824353765119
0.078700000000001227	0.00038201885802990887
0.07880000000000123	0.00037821767536294626
0.078900000000001233	0.00037445431540916729
0.079000000000001236	0.00037072840182295064
0.079100000000001239	0.00036703956200379029
0.079200000000001242	0.00036338742705843696
0.079300000000001244	0.00035977163176437177
0.079400000000001247	0.00035619181453294679
0.07950000000000125	0.00035264761737341388
0.079600000000001253	0.00034913868585717545
0.079700000000001256	0.00034566466908247939
0.079800000000001259	0.00034222521963889196
0.079900000000001262	0.00033881999357254777
0.080000000000001265	0.00033544865035295413
0.080100000000001267	0.00033211085283690878
0.08020000000000127	0.00032880626723663653
0.080300000000001273	0.00032553456308492823
0.080400000000001276	0.00032229541320361044
0.080500000000001279	0.00031908849366957259
0.080600000000001282	0.00031591348378245954
0.080700000000001285	0.00031277006603336321
0.080800000000001287	0.00030965792607295928
0.08090000000000129	0.00030657675267897755
0.081000000000001293	0.00030352623772711418
0.081100000000001296	0.00030050607615761393
0.081200000000001299	0.00029751596594718155
0.081300000000001302	0.00029455560807722936
0.081400000000001305	0.00029162470650445638
0.081500000000001308	0.00028872296813153842
0.08160000000000131	0.00028585010277681899
0.081700000000001313	0.00028300582314744194
0.081800000000001316	0.00028018984480748799
0.081900000000001319	0.00027740188615288375
0.082000000000001322	0.00027464166838042647
0.082100000000001325	0.00027190891546102769
0.082200000000001328	0.00026920335411306784
0.08230000000000133	0.00026652471377364151
0.082400000000001333	0.00026387272657191208
0.082500000000001336	0.00026124712730246635
0.082600000000001339	0.00025864765339922435
0.082700000000001342	0.00025607404490757268
0.082800000000001345	0.00025352604446060578
0.082900000000001348	0.00025100339725203646
0.08300000000000135	0.00024850585101054978
0.083100000000001353	0.00024603315597537811
0.083200000000001356	0.0002435850648710991
0.083300000000001359	0.00024116133288232255
0.083400000000001362	0.00023876171762970966
0.083500000000001365	0.00023638597914577009
0.083600000000001368	0.00023403387985099222
0.083700000000001371	0.00023170518452908517
0.083800000000001373	0.00022939966030488534
0.083900000000001376	0.00022711707662026459
0.084000000000001379	0.00022485720521125963
0.084100000000001382	0.00022261982008475734
0.084200000000001385	0.0002204046974971785
0.084300000000001388	0.00021821161592994187
0.084400000000001391	0.00021604035607003524
0.084500000000001393	0.00021389070078592365
0.084600000000001396	0.00021176243510656612
0.084700000000001399	0.00020965534619998838
0.084800000000001402	0.00020756922335218864
0.084900000000001405	0.0002055038579454882
0.085000000000001408	0.0002034590434386585
0.085100000000001411	0.00020143457534460563
0.085200000000001413	0.00019943025121194058
0.085300000000001416	0.00019744587060288588
0.085400000000001419	0.00019548123507462378
0.085500000000001422	0.00019353614815842413
0.085600000000001425	0.0001916104153407705
0.085700000000001428	0.00018970384404370932
0.085800000000001431	0.00018781624360542093
0.085900000000001434	0.00018594742526090169
0.086000000000001436	0.00018409720212386738
0.086100000000001439	0.00018226538916732427
0.086200000000001442	0.00018045180320558352
0.086300000000001445	0.00017865626287527636
0.086400000000001448	0.0001768785886179236
0.086500000000001451	0.00017511860266161694
0.086600000000001454	0.00017337612900347743
0.086700000000001456	0.00017165099339155887
0.086800000000001459	0.0001699430233079724
0.086900000000001462	0.00016825204795167803
0.087000000000001465	0.00016657789822072111
0.087100000000001468	0.00016492040669624508
0.087200000000001471	0.00016327940762472792
0.087300000000001474	0.00016165473690210597
0.087400000000001477	0.00016004623205745361
0.087500000000001479	0.0001584537322359969
0.087600000000001482	0.00015687707818390351
0.087700000000001485	0.00015531611223174036
0.087800000000001488	0.00015377067827904156
0.087900000000001491	0.00015224062177876529
0.088000000000001494	0.00015072578972141759
0.088100000000001497	0.0001492260306198423
0.088200000000001499	0.00014774119449434409
0.088300000000001502	0.00014627113285758941
0.088400000000001505	0.00014481569869995159
0.088500000000001508	0.00014337474647407866
0.088600000000001511	0.00014194813208145973
0.088700000000001514	0.00014053571285699284
0.088800000000001517	0.00013913734755499618
0.088900000000001519	0.00013775289633533028
0.089000000000001522	0.00013638222074985329
0.089100000000001525	0.00013502518372721095
0.089200000000001528	0.00013368164956062412
0.089300000000001531	0.00013235148389323381
0.089400000000001534	0.00013103455370511163
0.089500000000001537	0.00012973072730015911
0.08960000000000154	0.00012843987429200787
0.089700000000001542	0.00012716186559247333
0.089800000000001545	0.00012589657339734384
0.089900000000001548	0.00012464387117427922
0.090000000000001551	0.00012340363365004325
0.090100000000001554	0.00012217573679773608
0.090200000000001557	0.00012096005782458175
0.09030000000000156	0.00011975647515971577
0.090400000000001562	0.00011856486844186165
0.090500000000001565	0.00011738511850711841
0.090600000000001568	0.00011621710737763635
0.090700000000001571	0.00011506071824973763
0.090800000000001574	0.00011391583548103767
0.090900000000001577	0.00011278234458067526
0.09100000000000158	0.00011166013219643389
0.091100000000001582	0.00011054908610497183
0.091200000000001585	0.00010944909519861046
0.091300000000001588	0.00010836004947534228
0.091400000000001591	0.00010728184002795071
0.091500000000001594	0.00010621435903290788
0.091600000000001597	0.00010515749973882826
0.0917000000000016	0.00010411115645769797
0.091800000000001603	0.00010307522455266227
0.091900000000001605	0.0001020496004277005
0.092000000000001608	0.00010103418151774513
0.092100000000001611	0.00010002886627902274
0.092200000000001614	9.9033554176952698e-005
0.092300000000001617	9.8048145677820386e-005
0.09240000000000162	9.7072542238341164e-005
0.092500000000001623	9.6106646295668341e-005
0.092600000000001625	9.5150361257956284e-005
0.092700000000001628	9.4203591494146366e-005
0.092800000000001631	9.3266242325196203e-005
0.092900000000001634	9.2338220013754579e-005
0.093000000000001637	9.1419431755168645e-005
0.09310000000000164	9.0509785668158038e-005
0.093200000000001643	8.9609190786044124e-005
0.093300000000001646	8.8717557046869011e-005
0.093400000000001648	8.7834795285290923e-005
0.093500000000001651	8.6960817222703213e-005
0.093600000000001654	8.609553545935178e-005
0.093700000000001657	8.5238863464676129e-005
0.09380000000000166	8.4390715569426789e-005
0.093900000000001663	8.3551006956783525e-005
0.094000000000001666	8.2719653653584579e-005
0.094100000000001668	8.1896572522555111e-005
0.094200000000001671	8.1081681253536431e-005
0.094300000000001674	8.0274898355714441e-005
0.094400000000001677	7.9476143148071721e-005
0.09450000000000168	7.868533575361436e-005
0.094600000000001683	7.7902397089268938e-005
0.094700000000001686	7.712724885944322e-005
0.094800000000001688	7.6359813547255406e-005
0.094900000000001691	7.560001440765074e-005
0.095000000000001694	7.4847775458186661e-005
0.095100000000001697	7.4103021473592712e-005
0.0952000000000017	7.3365677976111598e-005
0.095300000000001703	7.2635671230170118e-005
0.095400000000001706	7.1912928232942264e-005
0.095500000000001709	7.1197376708131976e-005
0.095600000000001711	7.0488945099200784e-005
0.095700000000001714	6.9787562560930105e-005
0.095800000000001717	6.9093158953759115e-005
0.09590000000000172	6.840566483501398e-005
0.096000000000001723	6.7725011453467765e-005
0.096100000000001726	6.7051130742568077e-005
0.096200000000001729	6.6383955312443454e-005
0.096300000000001731	6.5723418443797144e-005
0.096400000000001734	6.5069454081023714e-005
0.096500000000001737	6.4421996826546923e-005
0.09660000000000174	6.3780981932493042e-005
0.096700000000001743	6.3146345296472006e-005
0.096800000000001746	6.2518023453028704e-005
0.096900000000001749	6.189595356786981e-005
0.097000000000001751	6.1280073432867788e-005
0.097100000000001754	6.0670321458511367e-005
0.097200000000001757	6.0066636667799322e-005
0.09730000000000176	5.9468958690800378e-005
0.097400000000001763	5.8877227758546979e-005
0.097500000000001766	5.8291384696262938e-005
0.097600000000001769	5.7711370918145377e-005
0.097700000000001772	5.713712842125851e-005
0.097800000000001774	5.6568599780315587e-005
0.097900000000001777	5.600572814035143e-005
0.09800000000000178	5.54484572136138e-005
0.098100000000001783	5.4896731271236732e-005
0.098200000000001786	5.4350495138910659e-005
0.098300000000001789	5.3809694192330504e-005
0.098400000000001792	5.3274274349757178e-005
0.098500000000001794	5.2744182067576695e-005
0.098600000000001797	5.2219364335748253e-005
0.0987000000000018	5.1699768670587787e-005
0.098800000000001803	5.1185343111770365e-005
0.098900000000001806	5.0676036215224762e-005
0.099000000000001809	5.0171797048692568e-005
0.099100000000001812	4.9672575187176271e-005
0.099200000000001815	4.9178320707499168e-005
0.099300000000001817	4.8688984182976291e-005
0.09940000000000182	4.8204516678751475e-005
0.099500000000001823	4.7724869746468279e-005
0.099600000000001826	4.7249995420606261e-005
0.099700000000001829	4.6779846212485765e-005
0.099800000000001832	4.6314375106049077e-005
0.099900000000001835	4.5853535552864422e-005
0.10000000000000184	4.5397281467796091e-005
