Time	V(R2)
0.0001	8.7260839358024054
0.00020000000000000001	9.1162252634782313
0.00030000000000000003	9.5022752031427515
0.00040000000000000002	9.8833352374940091
0.00050000000000000001	10.258540682624112
0.00060000000000000006	10.627062859991494
0.0007000000000000001	10.988110993203934
0.00080000000000000015	11.340933832569407
0.00090000000000000019	11.684821012541274
0.0010000000000000002	12.019104149200034
0.0011000000000000003	12.343157686760549
0.0012000000000000003	12.656399503755848
0.0013000000000000004	12.958291291016371
0.0014000000000000004	13.248338714826033
0.0015000000000000005	13.526091379688051
0.0016000000000000005	13.79114260596949
0.0017000000000000006	14.043129038311925
0.0018000000000000006	14.281730101098212
0.0019000000000000006	14.506667317454033
0.0020000000000000005	14.717703508244401
0.0021000000000000003	14.914641887307273
0.0022000000000000001	15.097325068757854
0.0023	15.265634001612256
0.0023999999999999998	15.41948684622918
0.0024999999999999996	15.558837806171017
0.0025999999999999994	15.683675928056541
0.0026999999999999993	15.794023880835615
0.0027999999999999991	15.889936724680092
0.0028999999999999989	15.971500678375335
0.0029999999999999988	16.038831892733768
0.0030999999999999986	16.092075236155189
0.0031999999999999984	16.131403097051837
0.0032999999999999982	16.157014206456196
0.0033999999999999981	16.169132482759991
0.0034999999999999979	16.168005899211078
0.0035999999999999977	16.153905373539814
0.0036999999999999976	16.127123677916355
0.0037999999999999974	16.087974366370201
0.0038999999999999972	16.036790715848365
0.0039999999999999975	15.973924676261777
0.0040999999999999977	15.899745824181409
0.004199999999999998	15.814640314306493
0.0042999999999999983	15.719009822442777
0.0043999999999999985	15.613270473505381
0.0044999999999999988	15.497851748000528
0.0045999999999999991	15.373195360544097
0.0046999999999999993	15.239754104241452
0.0047999999999999996	15.09799065517759
0.0048999999999999998	14.948376331845274
0.0050000000000000001	14.791389805061296
0.0051000000000000004	14.627515754779763
0.0052000000000000006	14.457243471193051
0.0053000000000000009	14.281065398602841
0.0054000000000000012	14.099475621731393
0.0055000000000000014	13.912968295408785
0.0056000000000000017	13.722036019899889
0.0057000000000000019	13.527168165504783
0.0058000000000000022	13.328849151461139
0.0059000000000000025	13.127556685574483
0.0060000000000000027	12.923759972384929
0.006100000000000003	12.717917899024027
0.0062000000000000033	12.510477209205526
0.0063000000000000035	12.301870677007127
0.0064000000000000038	12.092515293219471
0.006500000000000004	11.882810478045233
0.0066000000000000043	11.67313633480765
0.0067000000000000046	11.463851960059239
0.0068000000000000048	11.255293826053775
0.0069000000000000051	11.047774251944293
0.0070000000000000053	10.841579980287577
0.0071000000000000056	10.636970875461831
0.0072000000000000059	10.434178760432589
0.0073000000000000061	10.233406407928008
0.0074000000000000064	10.034826701506898
0.0075000000000000067	9.8385819812201198
0.0076000000000000069	9.6447835875825678
0.0077000000000000072	9.4535116163923245
0.0078000000000000074	9.2648148955639051
0.0079000000000000077	9.0787111935926106
0.0080000000000000071	8.8951876675494432
0.0081000000000000065	8.714201556633693
0.0082000000000000059	8.5356811252999307
0.0083000000000000053	8.3595268578444379
0.0084000000000000047	8.1856129041034986
0.0085000000000000041	8.0137887736021298
0.0086000000000000035	7.8438812731198828
0.0087000000000000029	7.6756966802327753
0.0088000000000000023	7.5090231429715715
0.0089000000000000017	7.3436332933311954
0.0090000000000000011	7.1792870599987095
0.0091000000000000004	7.0157346633633972
0.0091999999999999998	6.8527197736569185
0.0092999999999999992	6.6899828109685791
0.0093999999999999986	6.5272643639142736
0.009499999999999998	6.3643087019310034
0.0095999999999999974	6.2008673545428081
0.0096999999999999968	6.0367027295195843
0.0097999999999999962	5.8715917406458686
0.0098999999999999956	5.7053294148489346
0.009999999999999995	5.5377324477193142
0.010099999999999994	5.3686426760048338
0.010199999999999994	5.1979304354810552
0.010299999999999993	5.0254977727048473
0.010399999999999993	4.851281479548307
0.010499999999999992	4.6752559200898141
0.010599999999999991	4.4974356204074706
0.010699999999999991	4.317877593073689
0.01079999999999999	4.1366833696832117
0.01089999999999999	3.9540007165507713
0.010999999999999989	3.7700250107777107
0.011099999999999988	3.5850002561956931
0.011199999999999988	3.3992197212324693
0.011299999999999987	3.213026183491448
0.011399999999999987	3.0268117687722458
0.011499999999999986	2.8410173753590939
0.011599999999999985	2.6561316776450221
0.011699999999999985	2.4726897065124169
0.011799999999999984	2.2912710073300593
0.011899999999999984	2.1124973799203373
0.011999999999999983	1.937030208370637
0.012099999999999982	1.7655673920778976
0.012199999999999982	1.5988398928929028
0.012299999999999981	1.4376079166424884
0.01239999999999998	1.2826567506198252
0.01249999999999998	1.1347922818165155
0.012599999999999979	0.99483622369548685
0.012699999999999979	0.86362108214227273
0.012799999999999978	0.74198489385653754
0.012899999999999977	0.63076577283134405
0.012999999999999977	0.53079630269010158
0.013099999999999976	0.44289781448956111
0.013199999999999976	0.3678745911325304
0.013299999999999975	0.30650804074928717
0.013399999999999974	0.25955088228859402
0.013499999999999974	0.22772138709620093
0.013599999999999973	0.21169772044336821
0.013699999999999973	0.21211242679450593
0.013799999999999972	0.22954710207015516
0.013899999999999971	0.26452729527019159
0.013999999999999971	0.31751768057684204
0.01409999999999997	0.38891753946526109
0.01419999999999997	0.47905659042173321
0.014299999999999969	0.58819120161956739
0.014399999999999968	0.71650101934712818
0.014499999999999968	0.86408604213992168
0.014599999999999967	1.0309641674620955
0.014699999999999967	1.2170692344348364
0.014799999999999966	1.4222495825483441
0.014899999999999965	1.6462671425470146
0.014999999999999965	1.8887970717753051
0.015099999999999964	2.1494279422460982
0.015199999999999964	2.4276624855768576
0.015299999999999963	2.7229188947651344
0.015399999999999962	3.0345326785783682
0.015499999999999962	3.3617590601493328
0.015599999999999961	3.7037759072296099
0.015699999999999961	4.0596871774975858
0.01579999999999996	4.4285268583750828
0.015899999999999959	4.8092633770118418
0.015999999999999959	5.2008044524822061
0.016099999999999958	5.6020023588318644
0.016199999999999957	6.0116595644446118
0.016299999999999957	6.4285347102944446
0.016399999999999956	6.8513488870332848
0.016499999999999956	7.2787921685582226
0.016599999999999955	7.7095303577262797
0.016699999999999954	8.1422118982534784
0.016799999999999954	8.5754749055632189
0.016899999999999953	9.0079542684462481
0.016999999999999953	9.4382887728680238
0.017099999999999952	9.8651281991136734
0.017199999999999951	10.287140343695924
0.017299999999999951	10.703017918065376
0.01739999999999995	11.111485277149594
0.01749999999999995	11.511304932098842
0.017599999999999949	11.901283803319702
0.017699999999999948	12.280279171919153
0.017799999999999948	12.647204290042621
0.017899999999999947	13.001033613249971
0.017999999999999947	13.340807621011153
0.018099999999999946	13.665637194592332
0.018199999999999945	13.974707525017557
0.018299999999999945	14.267281527401394
0.018399999999999944	14.542702741723581
0.018499999999999944	14.800397704027196
0.018599999999999943	15.039877776033286
0.018699999999999942	15.260740425245071
0.018799999999999942	15.462669951729579
0.018899999999999941	15.645437661880663
0.018999999999999941	15.808901493550451
0.01909999999999994	15.953005100954629
0.019199999999999939	16.077776411677043
0.019299999999999939	16.183325671890735
0.019399999999999938	16.269842999545144
0.019499999999999938	16.337595468715243
0.019599999999999937	16.386923751540468
0.019699999999999936	16.418238347176086
0.019799999999999936	16.432015429913736
0.019899999999999935	16.428792351082585
0.019999999999999934	16.409162831499696
0.020099999999999934	16.37377188308373
0.020199999999999933	16.323310499768187
0.020299999999999933	16.25851015903983
0.020399999999999932	16.180137176278929
0.020499999999999931	16.088986954587746
0.020599999999999931	15.985878172961126
0.02069999999999993	15.871646955482563
0.02079999999999993	15.74714106372457
0.020899999999999929	15.613214153703399
0.020999999999999928	15.470720137595656
0.021099999999999928	15.320507688981474
0.021199999999999927	15.163414928652614
0.021299999999999927	15.000264326031552
0.021399999999999926	14.831857849009753
0.021499999999999925	14.658972392552801
0.021599999999999925	14.482355513759284
0.021699999999999924	14.30272149822615
0.021799999999999924	14.120747779589724
0.021899999999999923	13.937071731008617
0.021999999999999922	13.752287844157275
0.022099999999999922	13.566945308037358
0.022199999999999921	13.381545996615801
0.022299999999999921	13.196542870990765
0.02239999999999992	13.01233879849968
0.022499999999999919	12.82928578794127
0.022599999999999919	12.647684636915006
0.022699999999999918	12.467784984210248
0.022799999999999918	12.289785757227261
0.022899999999999917	12.113836001607332
0.022999999999999916	11.940036077607166
0.023099999999999916	11.768439205295888
0.023199999999999915	11.599053338394789
0.023299999999999915	11.431843344537601
0.023399999999999914	11.266733467914099
0.023499999999999913	11.103610048681897
0.023599999999999913	10.942324472200099
0.023699999999999912	10.782696320056932
0.023799999999999912	10.624516694037775
0.023899999999999911	10.467551683608026
0.02399999999999991	10.311545947167527
0.02409999999999991	10.156226377265533
0.024199999999999909	10.001305820140239
0.024299999999999908	9.8464868203586988
0.024399999999999908	9.6914653619703497
0.024499999999999907	9.5359345784375016
0.024599999999999907	9.379588404658513
0.024699999999999906	9.222125145635129
0.024799999999999905	9.0632509377413371
0.024899999999999905	8.9026830801083534
0.024999999999999904	8.7401532153294124
0.025099999999999904	8.5754103404922226
0.025199999999999903	8.4082236314441161
0.025299999999999902	8.2383850651661916
0.025399999999999902	8.0657118271572017
0.025499999999999901	7.8900484927867414
0.025599999999999901	7.7112689736480187
0.0256999999999999	7.5292782220067318
0.025799999999999899	7.3440136884831322
0.025899999999999899	7.1554465301024068
0.025999999999999898	6.9635825677869789
0.026099999999999898	6.7684629942272894
0.026199999999999897	6.5701648348401207
0.026299999999999896	6.3688011661933759
0.026399999999999896	6.1645210978304945
0.026499999999999895	5.9575095248574783
0.026599999999999895	5.7479866599519625
0.026699999999999894	5.5362073546090986
0.026799999999999893	5.3224602204507665
0.026899999999999893	5.1070665622864002
0.026999999999999892	4.8903791353268034
0.027099999999999892	4.672780739514554
0.027199999999999891	4.4546826643497592
0.02729999999999989	4.236522997859935
0.02739999999999989	4.0187648134932212
0.027499999999999889	3.8018942487116911
0.027599999999999889	3.5864184889326824
0.027699999999999888	3.3728636702211174
0.027799999999999887	3.1617727137835621
0.027899999999999887	2.9537031048660896
0.027999999999999886	2.7492246281256252
0.028099999999999885	2.5489170709385069
0.028199999999999885	2.3533679054451477
0.028299999999999884	2.1631699594176013
0.028399999999999884	1.9789190852902903
0.028499999999999883	1.8012118359277003
0.028599999999999882	1.6306431549268188
0.028699999999999882	1.4678040884814509
0.028799999999999881	1.3132795250796381
0.028899999999999881	1.1676459685776366
0.02899999999999988	1.0314693495031826
0.029099999999999879	0.90530287879693827
0.029199999999999879	0.78968494761333474
0.029299999999999878	0.68513707627642517
0.029399999999999878	0.59216191503044846
0.029499999999999877	0.51124129884254654
0.029599999999999876	0.44283435821022232
0.029699999999999876	0.38737568770152742
0.029799999999999875	0.34527357381146806
0.029899999999999875	0.31690828365427348
0.029999999999999874	0.30263041602561547
0.030099999999999873	0.30275931645827747
0.030199999999999873	0.31758155805568233
0.030299999999999872	0.34734949011317795
0.030399999999999872	0.39227985682174238
0.030499999999999871	0.45255248868384657
0.03059999999999987	0.52830906964904101
0.03069999999999987	0.61965198338694938
0.030799999999999869	0.7266432425486693
0.030899999999999869	0.84930350531235299
0.030999999999999868	0.98761118395506609
0.031099999999999867	1.1415016506285034
0.031199999999999867	1.3108665459300659
0.03129999999999987	1.4955531962419095
0.031399999999999872	1.695364146146682
0.031499999999999875	1.9100568125108766
0.031599999999999878	2.1393432670423782
0.031699999999999881	2.3828901542705401
0.031799999999999884	2.6403187519547622
0.031899999999999887	2.9112051808931643
0.03199999999999989	3.1950807709706468
0.032099999999999893	3.4914325900488228
0.032199999999999895	3.7997041419542894
0.032299999999999898	4.1192962393643437
0.032399999999999901	4.4495680568180571
0.032499999999999904	4.7898383683946646
0.032599999999999907	5.1393869738030613
0.03269999999999991	5.4974563157175389
0.032799999999999913	5.8632532901792089
0.032899999999999915	6.2359512507670711
0.032999999999999918	6.6146922060335029
0.033099999999999921	6.9985892084031134
0.033199999999999924	7.3867289313649724
0.033299999999999927	7.778174430352232
0.03339999999999993	8.1719680812170292
0.033499999999999933	8.567134688681147
0.033599999999999935	8.962684755592802
0.033699999999999938	9.3576179022571804
0.033799999999999941	9.7509264235527873
0.033899999999999944	10.141598970010824
0.033999999999999947	10.528624337537087
0.03409999999999995	10.910995349013284
0.034199999999999953	11.287712809641498
0.034299999999999956	11.657789516610151
0.034399999999999958	12.02025430247604
0.034499999999999961	12.374156090591672
0.034599999999999964	12.718567939974275
0.034699999999999967	13.05259105622539
0.03479999999999997	13.375358744481687
0.034899999999999973	13.68604027991973
0.034999999999999976	13.98384467105825
0.035099999999999978	14.268024291012669
0.035199999999999981	14.537878351962444
0.035299999999999984	14.792756198398067
0.035399999999999987	15.03206039522682
0.03549999999999999	15.255249587532834
0.035599999999999993	15.461841109710477
0.035699999999999996	15.651413322816532
0.035799999999999998	15.823607660312819
0.035900000000000001	15.97813036388971
0.036000000000000004	16.114753892766064
0.036100000000000007	16.233317991740567
0.03620000000000001	16.333730405312885
0.036300000000000013	16.415967227386798
0.036400000000000016	16.480072878395728
0.036500000000000019	16.526159704138031
0.036600000000000021	16.55440719315645
0.036700000000000024	16.565060812124312
0.036800000000000027	16.558430461389602
0.03690000000000003	16.534888555556115
0.037000000000000033	16.494867736726
0.037100000000000036	16.43885823076803
0.037200000000000039	16.367404859687554
0.037300000000000041	16.281103725834409
0.037400000000000044	16.180598586271302
0.037500000000000047	16.06657693811432
0.03760000000000005	15.939765838027313
0.037700000000000053	15.800927481281171
0.037800000000000056	15.650854567857481
0.037900000000000059	15.490365484963277
0.038000000000000062	15.320299337012518
0.038100000000000064	15.141510855602601
0.038200000000000067	14.954865223256862
0.03830000000000007	14.761232845702095
0.038400000000000073	14.561484108193101
0.038500000000000076	14.356484151874678
0.038600000000000079	14.147087706377445
0.038700000000000082	13.9341340147739
0.038800000000000084	13.718441886670739
0.038900000000000087	13.50080491458391
0.03900000000000009	13.281986887835661
0.039100000000000093	13.062717437031697
0.039200000000000096	12.843687940729815
0.039300000000000099	12.62554772420666
0.039400000000000102	12.408900578278709
0.039500000000000104	12.194301623950329
0.039600000000000107	11.982254546262011
0.03970000000000011	11.773209218112239
0.039800000000000113	11.567559732046686
0.039900000000000116	11.365642855070178
0.040000000000000119	11.167736918461188
0.040100000000000122	10.974061151380262
0.040200000000000125	10.784775463787625
0.040300000000000127	10.59998068084629
0.04040000000000013	10.419719227612019
0.040500000000000133	10.243976259427853
0.040600000000000136	10.072681230074632
0.040700000000000139	9.9057098864076174
0.040800000000000142	9.7428866749600918
0.040900000000000145	9.5839875428430972
0.041000000000000147	9.4287431122423708
0.04110000000000015	9.2768422049341481
0.041200000000000153	9.1279356905332207
0.041300000000000156	8.9816406296727429
0.041400000000000159	8.8375446810158955
0.041500000000000162	8.6952107389336035
0.041600000000000165	8.5541817668671882
0.041700000000000167	8.413985789845114
0.04180000000000017	8.2741410083518723
0.041900000000000173	8.1341609947648337
0.042000000000000176	7.9935599328899825
0.042100000000000179	7.851857860745791
0.042200000000000182	7.7085858766692841
0.042300000000000185	7.5632912690498024
0.042400000000000188	7.4155425305340135
0.04250000000000019	7.2649342183839387
0.042600000000000193	7.1110916238031878
0.042700000000000196	6.9536752144656733
0.042800000000000199	6.7923848161740281
0.042900000000000202	6.6269635015279942
0.043000000000000205	6.4572011556819566
0.043100000000000208	6.2829376916956043
0.04320000000000021	6.1040658906145708
0.043300000000000213	5.9205338442368802
0.043400000000000216	5.7323469815042536
0.043500000000000219	5.5395696625789181
0.043600000000000222	5.3423263279050985
0.043700000000000225	5.1408021928794829
0.043800000000000228	4.935243482144644
0.043900000000000231	4.7259572009433892
0.044000000000000233	4.5133104444053789
0.044100000000000236	4.297729249051776
0.044200000000000239	4.0796969941741823
0.044300000000000242	3.8597523640414835
0.044400000000000245	3.6384868850910053
0.044500000000000248	3.4165420553406487
0.044600000000000251	3.1946060861940975
0.044700000000000253	2.9734102795809201
0.044800000000000256	2.7537250659548258
0.044900000000000259	2.5363557310488498
0.045000000000000262	2.3221378614383221
0.045100000000000265	2.111932540876075
0.045200000000000268	1.9066213310258602
0.045300000000000271	1.7071010716191815
0.045400000000000273	1.5142785361884701
0.045500000000000276	1.3290649803786956
0.045600000000000279	1.1523706204074879
0.045700000000000282	0.98509907952727593
0.045800000000000285	0.82814184034264926
0.045900000000000288	0.68237274055581498
0.046000000000000291	0.54864254915650101
0.046100000000000294	0.42777365924737226
0.046200000000000296	0.32055493261212464
0.046300000000000299	0.22773672980107063
0.046400000000000302	0.15002615794190588
0.046500000000000305	0.088082566696597975
0.046600000000000308	0.042513320794950404
0.046700000000000311	0.013869875399659781
0.046800000000000314	0.0026441782157657912
0.046900000000000316	0.0092654197695469787
0.047000000000000319	0.034097150669194942
0.047100000000000322	0.077434781944706987
0.047200000000000325	0.13950348176824656
0.047300000000000328	0.22045647900338228
0.047400000000000331	0.3203737811437628
0.047500000000000334	0.43926131130166901
0.047600000000000336	0.57705046601799737
0.047700000000000339	0.73359809280898913
0.047800000000000342	0.90868688356197636
0.047900000000000345	1.1020261771659081
0.048000000000000348	1.3132531621283365
0.048100000000000351	1.5419344674107653
0.048200000000000354	1.7875681273238797
0.048300000000000357	2.0495859040802586
0.048400000000000359	2.327355949517611
0.048500000000000362	2.620185785595444
0.048600000000000365	2.9273255815407389
0.048700000000000368	3.2479717039844407
0.048800000000000371	3.5812705150987494
0.048900000000000374	3.9263223926181707
0.049000000000000377	4.2821859447116974
0.049100000000000379	4.6478823919705832
0.049200000000000382	5.0224000882847859
0.049300000000000385	5.4046991521010579
0.049400000000000388	5.7937161794846439
0.049500000000000391	6.188369010536114
0.049600000000000394	6.5875615210418106
0.049700000000000397	6.9901884117527109
0.0498000000000004	7.3951399683794214
0.049900000000000402	7.8013067662538322
0.050000000000000405	8.2075842946278907
0.050100000000000408	8.6128774767421419
0.050200000000000411	9.0161050630901798
0.050300000000000414	9.4162038767157963
0.050400000000000417	9.8121328908895311
0.05050000000000042	10.20287712110855
0.050600000000000422	10.587451315032546
0.050700000000000425	10.964903425690437
0.050800000000000428	11.334317855055259
0.050900000000000431	11.694818456873007
0.051000000000000434	12.045571289425665
0.051100000000000437	12.385787110702173
0.05120000000000044	12.714723610222178
0.051300000000000442	13.031687373497723
0.051400000000000445	13.336035576814888
0.051500000000000448	13.627177411655817
0.051600000000000451	13.904575239654957
0.051700000000000454	14.167745480481118
0.051800000000000457	14.416259236448907
0.05190000000000046	14.649742658984485
0.052000000000000463	14.867877063294742
0.052100000000000465	15.070398798710169
0.052200000000000468	15.257098883186828
0.052300000000000471	15.427822411361184
0.052400000000000474	15.582467746348781
0.052500000000000477	15.72098550616604
0.05260000000000048	15.843377356235564
0.052700000000000483	15.94969461990803
0.052800000000000485	16.04003671930495
0.052900000000000488	16.114549459058029
0.053000000000000491	16.173423165697479
0.053100000000000494	16.216890695530076
0.053200000000000497	16.245225323853177
0.0533000000000005	16.258738528280393
0.053400000000000503	16.257777678815131
0.053500000000000505	16.242723647107834
0.053600000000000508	16.213988347078075
0.053700000000000511	16.172012218782562
0.053800000000000514	16.117261667071542
0.053900000000000517	16.050226466207274
0.05400000000000052	15.971417141226592
0.054100000000000523	15.881362336421635
0.054200000000000526	15.780606180896513
0.054300000000000528	15.66970566073854
0.054400000000000531	15.549228006926256
0.054500000000000534	15.419748107689218
0.054600000000000537	15.281845953639616
0.05470000000000054	15.13610412361772
0.054800000000000543	14.983105318835051
0.054900000000000546	14.823429952563563
0.055000000000000548	14.657653802306411
0.055100000000000551	14.486345731098723
0.055200000000000554	14.310065484323744
0.055300000000000557	14.129361568190451
0.05540000000000056	13.944769215802008
0.055500000000000563	13.75680844654811
0.055600000000000566	13.565982224375265
0.055700000000000569	13.372774720323967
0.055800000000000571	13.177649684567855
0.055900000000000574	12.981048933040572
0.056000000000000577	12.783390953589752
0.05610000000000058	12.58506963644599
0.056200000000000583	12.386453133635762
0.056300000000000586	12.187882851793065
0.056400000000000589	11.989672582632521
0.056500000000000591	11.792107775128887
0.056600000000000594	11.595444953201579
0.056700000000000597	11.399911282422412
0.0568000000000006	11.205704288945116
0.056900000000000603	11.012991733493891
0.057000000000000606	10.82191164284113
0.057100000000000609	10.63257250074777
0.057200000000000611	10.44505359983372
0.057300000000000614	10.259405555286211
0.057400000000000617	10.075650980702449
0.05750000000000062	9.8937853256978787
0.057600000000000623	9.7137778741956371
0.057700000000000626	9.535572901545958
0.057800000000000629	9.359090987810907
0.057900000000000632	9.1842304836936073
0.058000000000000634	9.0108691246938566
0.058100000000000637	8.8388657881431527
0.05820000000000064	8.6680623868143378
0.058300000000000643	8.4982858918224835
0.058400000000000646	8.3293504765424249
0.058500000000000649	8.1610597722717895
0.058600000000000652	7.9932092253753781
0.058700000000000654	7.8255885446672915
0.058800000000000657	7.6579842268304539
0.05890000000000066	7.4901821467484542
0.059000000000000663	7.3219701987441574
0.059100000000000666	7.1531409738905687
0.059200000000000669	6.9834944577953593
0.059300000000000672	6.8128407325691027
0.059400000000000674	6.6410026660790251
0.059500000000000677	6.4678185710754823
0.05960000000000068	6.2931448163650394
0.059700000000000683	6.1168583719006016
0.059800000000000686	5.9388592694743751
0.059900000000000689	5.759072960639072
0.060000000000000692	5.5774525535527495
0.060100000000000695	5.3939809106494172
0.060200000000000697	5.2086725893833892
0.0603000000000007	5.0215756087833183
0.060400000000000703	4.8327730251845988
0.060500000000000706	4.6423843012856807
0.060600000000000709	4.4505664535930887
0.060700000000000712	4.2575149643816248
0.060800000000000715	4.0634644454942057
0.060900000000000717	3.8686890426358675
0.06100000000000072	3.6735025702732207
0.061100000000000723	3.4782583688252418
0.061200000000000726	3.283348877514352
0.061300000000000729	3.0892049180304024
0.061400000000000732	2.8962946860303429
0.061500000000000735	2.705122449442408
0.061600000000000737	2.5162269545514393
0.06170000000000074	2.3301795428981245
0.061800000000000743	2.1475819841123776
0.061900000000000746	1.96906403190687
0.062000000000000749	1.7952807125624588
0.062100000000000752	1.6269093573265678
0.062200000000000755	1.4646463922032076
0.062300000000000758	1.3092039006198157
0.06240000000000076	1.1613059763962714
0.062500000000000763	1.0216848862980055
0.062600000000000766	0.89107706321136371
0.062700000000000769	0.77021895261956264
0.062800000000000772	0.65984273656633396
0.062900000000000775	0.56067196065786751
0.063000000000000778	0.47341709085641936
0.06310000000000078	0.39877102785114371
0.063200000000000783	0.33740460763976721
0.063300000000000786	0.28996211760944035
0.063400000000000789	0.25705685785842125
0.063500000000000792	0.23926677774405092
0.063600000000000795	0.23713021767181264
0.063700000000000798	0.25114178595157566
0.063800000000000801	0.28174840013740043
0.063900000000000803	0.32934552163721476
0.064000000000000806	0.39427361152879192
0.064100000000000809	0.47681483445254758
0.064200000000000812	0.57719003617462139
0.064300000000000815	0.69555601893217966
0.064400000000000818	0.83200313699526651
0.064500000000000821	0.9865532330168314
0.064600000000000823	1.1591579337056088
0.064700000000000826	1.349697321158676
0.064800000000000829	1.5579789938483524
0.064900000000000832	1.7837375287850468
0.065000000000000835	2.0266343537926699
0.065100000000000838	2.2862580361555009
0.065200000000000841	2.5621249911418689
0.065300000000000843	2.8536806111024688
0.065400000000000846	3.1603008130013213
0.065500000000000849	3.4812939993831464
0.065600000000000852	3.81590342493682
0.065700000000000855	4.163309958002043
0.065800000000000858	4.5226352236037126
0.065900000000000861	4.8929451119109117
0.066000000000000864	5.2732536334242361
0.066100000000000866	5.6625270997149055
0.066200000000000869	6.0596886061931983
0.066300000000000872	6.4636227911921145
0.066400000000000875	6.873180843626745
0.066500000000000878	7.2871857296526779
0.066600000000000881	7.7044376071110774
0.066700000000000884	8.1237193951225564
0.066800000000000886	8.5438024649968725
0.066900000000000889	8.9634524176624684
0.067000000000000892	9.3814349121011027
0.067100000000000895	9.7965215088062951
0.067200000000000898	10.207495492068594
0.067300000000000901	10.613157634933717
0.067400000000000904	11.012331870979901
0.067500000000000906	11.403870837614612
0.067600000000000909	11.786661256397204
0.067700000000000912	12.15962911694738
0.067800000000000915	12.521744632289376
0.067900000000000918	12.87202693500155
0.068000000000000921	13.209548485279878
0.068100000000000924	13.53343916396568
0.068200000000000927	13.842890025721092
0.068300000000000929	14.137156689844701
0.068400000000000932	14.415562348683723
0.068500000000000935	14.677500376203273
0.068600000000000938	14.922436521996829
0.068700000000000941	15.149910678843359
0.068800000000000944	15.359538214815913
0.068900000000000947	15.551010863902714
0.069000000000000949	15.724097172090193
0.069100000000000952	15.878642498858429
0.069200000000000955	16.014568577029944
0.069300000000000958	16.131872636869396
0.069400000000000961	16.230626103234336
0.069500000000000964	16.310972877404105
0.069600000000000967	16.37312721794342
0.06970000000000097	16.41737123757116
0.069800000000000972	16.444052035483494
0.069900000000000975	16.453578486906419
0.070000000000000978	16.446417713809815
0.070100000000000981	16.423091262688324
0.070200000000000984	16.38417101709015
0.070300000000000987	16.330274874141779
0.07040000000000099	16.262062215664187
0.070500000000000992	16.18022920559622
0.070600000000000995	16.085503946327247
0.070700000000000998	15.978641527188447
0.070800000000001001	15.860418998758437
0.070900000000001004	15.731630306802856
0.071000000000001007	15.593081219590008
0.07110000000000101	15.445584282008809
0.071200000000001012	15.289953829366045
0.071300000000001015	15.127001092962391
0.071400000000001018	14.957529428550892
0.071500000000001021	14.782329697575797
0.071600000000001024	14.602175829685166
0.071700000000001027	14.417820593421101
0.07180000000000103	14.229991600230026
0.071900000000001033	14.03938756501628
0.072000000000001035	13.846674844403818
0.072100000000001038	13.652484271687825
0.072200000000001041	13.457408305168814
0.072300000000001044	13.261998504185316
0.072400000000001047	13.066763344715927
0.07250000000000105	12.872166383924743
0.072600000000001053	12.678624780498058
0.072700000000001055	12.486508175081223
0.072800000000001058	12.296137932592028
0.072900000000001061	12.107786745680674
0.073000000000001064	11.921678596142986
0.073100000000001067	11.737989068690363
0.07320000000000107	11.556846009154629
0.073300000000001073	11.378330516973985
0.073400000000001075	11.202478259680442
0.073500000000001078	11.029281095106828
0.073600000000001081	10.858688985161319
0.073700000000001084	10.690612183293002
0.073800000000001087	10.524923676202345
0.07390000000000109	10.361461858944269
0.074000000000001093	10.200033421335213
0.074100000000001096	10.040416422515726
0.074200000000001098	9.8823635296403118
0.074300000000001101	9.7256053959684436
0.074400000000001104	9.5698541531178005
0.074500000000001107	9.4148069919103321
0.07460000000000111	9.2601498060941054
0.074700000000001113	9.1055608732545945
0.074800000000001116	8.9507145474343766
0.074900000000001118	8.7952849383542269
0.075000000000001121	8.6389495526656983
0.075100000000001124	8.4813928733549204
0.075200000000001127	8.3223098542544847
0.07530000000000113	8.1614093075924394
0.075400000000001133	7.9984171636041435
0.075500000000001136	7.8330795824455235
0.075600000000001139	7.6651658999601979
0.075700000000001141	7.4944713902577842
0.075800000000001144	7.3208198295436189
0.075900000000001147	7.1440658471884628
0.07600000000000115	6.9640970516271548
0.076100000000001153	6.7808359203156652
0.076200000000001156	6.5942414446441173
0.076300000000001159	6.4043105223847521
0.076400000000001161	6.2110790919393066
0.076500000000001164	6.0146230043262605
0.076600000000001167	5.8150586305030618
0.07670000000000117	5.6125432032438427
0.076800000000001173	5.4072748943768669
0.076900000000001176	5.1994926297189359
0.077000000000001179	4.9894756455198603
0.077100000000001181	4.7775427916385977
0.077200000000001184	4.5640515880081978
0.077300000000001187	4.3493970422035755
0.07740000000000119	4.1340102370988525
0.077500000000001193	3.9183566986845957
0.077600000000001196	3.702934555108345
0.077700000000001199	3.4882724989003595
0.077800000000001202	3.2749275651488183
0.077900000000001204	3.0634827390957811
0.078000000000001207	2.8545444072353576
0.07810000000000121	2.6487396665097132
0.078200000000001213	2.4467135066197714
0.078300000000001216	2.2491258807962495
0.078400000000001219	2.0566486806159192
0.078500000000001222	1.8699626306024024
0.078600000000001224	1.6897541184225688
0.078700000000001227	1.5167119764829429
0.07880000000000123	1.3515242306513595
0.078900000000001233	1.1948748316804647
0.079000000000001236	1.0474403846968299
0.079100000000001239	0.90988689184841387
0.079200000000001242	0.78286652287777614
0.079300000000001244	0.6670144280139404
0.079400000000001247	0.56294560715802566
0.07950000000000125	0.47125184888068583
0.079600000000001253	0.39249875225740305
0.079700000000001256	0.3272228440464674
0.079800000000001259	0.2759288031668542
0.079900000000001262	0.2390868038634717
0.080000000000001265	0.21712998835938346
0.080100000000001267	0.21045207919091313
0.08020000000000127	0.21940514080527418
0.080300000000001273	0.24429749937398815
0.080400000000001276	0.28539182914039563
0.080500000000001279	0.34290341297818727
0.080600000000001282	0.41699858419085478
0.080700000000001285	0.50779335593048769
0.080800000000001287	0.61535224395887766
0.08090000000000129	0.73968728781469206
0.081000000000001293	0.88075727478725652
0.081100000000001296	1.0384671704309365
0.081200000000001299	1.2126677586823047
0.081300000000001302	1.4031554939658748
0.081400000000001305	1.6096725669923702
0.081500000000001308	1.8319071852646034
0.08160000000000131	2.0694940686101275
0.081700000000001313	2.3220151593568472
0.081800000000001316	2.589000546055106
0.081900000000001319	2.8699295989287039
0.082000000000001322	3.1642323145080096
0.082100000000001325	3.4712908661576485
0.082200000000001328	3.790441356464358
0.08230000000000133	4.1209757666930438
0.082400000000001333	4.4621440977550293
0.082500000000001336	4.8131566963628565
0.082600000000001339	5.173186759270763
0.082700000000001342	5.5413730077222425
0.082800000000001345	5.9168225234503593
0.082900000000001348	6.298613736801391
0.08300000000000135	6.6857995567842501
0.083100000000001353	7.0774106320921275
0.083200000000001356	7.4724587313979587
0.083300000000001359	7.8699402305009798
0.083400000000001362	8.2688396932015635
0.083500000000001365	8.6681335321084365
0.083600000000001368	9.0667937349443513
0.083700000000001371	9.4637916413192489
0.083800000000001373	9.8581017543861353
0.083900000000001376	10.248705571294263
0.084000000000001379	10.634595415911242
0.084100000000001382	11.014778256904689
0.084200000000001385	11.38827949396283
0.084300000000001388	11.754146694698035
0.084400000000001391	12.111453264620241
0.084500000000001393	12.459302032496534
0.084600000000001396	12.796828733432946
0.084700000000001399	13.123205372127517
0.084800000000001402	13.437643448955072
0.084900000000001405	13.739397031857751
0.085000000000001408	14.027765657431676
0.085100000000001411	14.302097045121741
0.085200000000001413	14.561789609067031
0.085300000000001416	14.80629475287413
0.085400000000001419	15.035118933438921
0.085500000000001422	15.247825480885297
0.085600000000001425	15.444036162738753
0.085700000000001428	15.623432481604631
0.085800000000001431	15.785756696864881
0.085900000000001434	15.930812562244061
0.086000000000001436	16.058465772516008
0.086100000000001439	16.168644114120195
0.086200000000001442	16.261337316026232
0.086300000000001445	16.336596598813763
0.086400000000001448	16.394533921617704
0.086500000000001451	16.435320928312922
0.086600000000001454	16.459187596068492
0.086700000000001456	16.466420591177716
0.086800000000001459	16.457361338855442
0.086900000000001462	16.432403815475151
0.087000000000001465	16.391992073484015
0.087100000000001468	16.336617510970576
0.087200000000001471	16.266815899554562
0.087300000000001474	16.183164185909327
0.087400000000001477	16.086277083800034
0.087500000000001479	15.976803475014352
0.087600000000001482	15.855422638963407
0.087700000000001485	15.722840332027733
0.087800000000001488	15.579784738903951
0.087900000000001491	15.427002319263703
0.088000000000001494	15.265253573954183
0.088100000000001497	15.095308755743533
0.088200000000001499	14.91794355023314
0.088300000000001502	14.733934753017275
0.088400000000001505	14.544055969460869
0.088500000000001508	14.349073363585202
0.088600000000001511	14.149741482492201
0.088700000000001514	13.946799182522224
0.088800000000001517	13.740965682922713
0.088900000000001519	13.532936772208327
0.089000000000001522	13.323381191617498
0.089100000000001525	13.112937219120074
0.089200000000001528	12.902209476306755
0.089300000000001531	12.691765979204298
0.089400000000001534	12.482135452612178
0.089500000000001537	12.273804925959389
0.08960000000000154	12.067217626940529
0.089700000000001542	11.862771187322419
0.089800000000001545	11.660816173323365
0.089900000000001548	11.461654950875573
0.090000000000001551	11.26554089389553
0.090100000000001554	11.072677941426047
0.090200000000001557	10.883220507190131
0.09030000000000156	10.697273742729479
0.090400000000001562	10.514894152902132
0.090500000000001565	10.336090560106902
0.090600000000001568	10.160825411198648
0.090700000000001571	9.9890164186797534
0.090800000000001574	9.8205385254141628
0.090900000000001577	9.6552261798306258
0.09100000000000158	9.4928759063753052
0.091100000000001582	9.3332491538610256
0.091200000000001585	9.1760754023541846
0.091300000000001588	9.0210555073570919
0.091400000000001591	8.8678652582983801
0.091500000000001594	8.7161591267504654
0.091600000000001597	8.5655741783616932
0.0917000000000016	8.4157341212369055
0.091800000000001603	8.2662534624298658
0.091900000000001605	8.1167417433357727
0.092000000000001608	7.9668078240981588
0.092100000000001611	7.8160641866790126
0.092200000000001614	7.6641312259856615
0.092300000000001617	7.5106414984098597
0.09240000000000162	7.3552438973107028
0.092500000000001623	7.1976077253656232
0.092600000000001625	7.0374266343199352
0.092700000000001628	6.8744224034821251
0.092800000000001631	6.7083485293322971
0.092900000000001634	6.5389935998315041
0.093000000000001637	6.3661844284282267
0.09310000000000164	6.1897889243476794
0.093200000000001643	6.0097186775077507
0.093300000000001646	5.8259312383212167
0.093400000000001648	5.6384320747005798
0.093500000000001651	5.4472761907700349
0.093600000000001654	5.252569394087562
0.093700000000001657	5.0544692005765288
0.09380000000000166	4.853185368841495
0.093900000000001663	4.6489800580784806
0.094000000000001666	4.4421676063709121
0.094100000000001668	4.2331139287656487
0.094200000000001671	4.0222355371341347
0.094300000000001674	3.8099981864204686
0.094400000000001677	3.5969151544444156
0.09450000000000168	3.3835451649420838
0.094600000000001683	3.1704899659753871
0.094700000000001686	2.958391578203841
0.094800000000001688	2.7479292297718434
0.094900000000001691	2.5398159967073659
0.095000000000001694	2.3347951697370593
0.095100000000001697	2.1336363702841532
0.0952000000000017	1.9371314401182915
0.095300000000001703	1.7460901306565213
0.095400000000001706	1.5613356192631183
0.095500000000001709	1.3836998810537209
0.095600000000001711	1.2140189456690702
0.095700000000001714	1.0531280692377201
0.095800000000001717	0.90185685229473855
0.09590000000000172	0.761024334757336
0.096000000000001723	0.63143409918073612
0.096100000000001726	0.51386941342656589
0.096200000000001729	0.40908844357498386
0.096300000000001731	0.3178195674020915
0.096400000000001734	0.24075681803327209
0.096500000000001737	0.17855548647483299
0.09660000000000174	0.13182791063003052
0.096700000000001743	0.10113947712937288
0.096800000000001746	0.087004860859880684
0.096900000000001749	0.089884525474293708
0.097000000000001751	0.11018150641265101
0.097100000000001754	0.14823849608732198
0.097200000000001757	0.2043352488836756
0.09730000000000176	0.27868632152660888
0.097400000000001763	0.37143916217329842
0.097500000000001766	0.48267255933201048
0.097600000000001769	0.6123954593899541
0.097700000000001772	0.76054615917863289
0.097800000000001774	0.92699187762797131
0.097900000000001777	1.1115287081783958
0.09800000000000178	1.3138819512476214
0.098100000000001783	1.5337068237060181
0.098200000000001786	1.7705895400111236
0.098300000000001789	2.0240487574093677
0.098400000000001792	2.2935373754411383
0.098500000000001794	2.5784446779012398
0.098600000000001797	2.8780988034198924
0.0987000000000018	3.1917695289575865
0.098800000000001803	3.5186713487532852
0.098900000000001806	3.8579668296481819
0.099000000000001809	4.2087702222289982
0.099100000000001812	4.5701513059078529
0.099200000000001815	4.941139444881701
0.099300000000001817	5.3207278309064208
0.09940000000000182	5.707877887972697
0.099500000000001823	6.1015238132953264
0.099600000000001826	6.5005772285198882
0.099700000000001829	6.9039319147145992
0.099800000000001832	7.3104686045463811
0.099900000000001835	7.7190598050430186
0.10000000000000184	8.1285746245054824
